0 [15,9,18,12,17,14,2,8,3,19,22,4,1,10,13,7,16,20,21,11,6,5]
1 [7,3,1,4,5,2,6]
2 [8,8,8,6,8,8,1,8,4,5,8,8,3,7,8,8,2,8,8,8,8,8,8]
3 [10,22,18,15,1,21,12,1,7,1,17,22,22,8,22,6,1,9,19,11,16,1,14,20,22,13]
4 [7,9,13,1,3,6,10,5,14,12,11,8,2,4]
5 [5,8,9,10,7,3,1,2,6,11,4]
6 [5,1,2,3,7,4,6]
7 [20,28,37,25,24,8,21,15,9,33,35,17,38,4,36,11,16,26,34,13,27,3,39,10,1,12,7,29,6,41,40,2,19,5,18,14,32,23,30,31,22]
8 [1,3,3,2]
9 [5,8,10,6,11,15,12,9,13,3,4,1,7,2,14]
10 [40,4,39,26,62,60,23,62,35,9,55,61,53,62,47,16,62,25,12,62,62,62,17,62,62,62,62,6,1,46,42,62,62,34,8,57,1,7,11,30,54,41,62,36,62,59,1,45,44,5,13,31,27,19,62,10,62,62,22,62,62,49,62,62,50,62,62,18,15,62,20,62,51,32,56,62,62,28,62,48,62,62,62,38,21,37,29,58,62,43,52,14,33,24]
11 [9,31,13,3,32,28,25,8,26,15,27,21,37,4,20,1,23,22,34,5,24,18,30,38,6,16,39,33,10,17,35,19,36,11,12,14,29,2,7]
12 [10,11,8,6,7,3,12,5,2,1,9,4]
13 [98,82,65,54,17,98,78,55,98,71,98,98,90,15,49,98,24,96,75,98,29,86,98,98,98,1,87,18,98,59,98,77,98,98,41,80,98,98,89,98,44,40,60,98,68,12,33,1,95,10,21,98,98,98,98,35,38,28,62,98,73,79,42,46,98,64,70,83,1,98,34,98,22,98,47,67,81,94,8,37,97,7,9,43,98,25,53,31,92,39,50,52,85,16,6,66,93,5,61,56,76,20,36,58,13,98,11,69,51,98,98,32,48,30,19,45,84,72,91,57,14,26,4,27,63,23,88,74]
14 [1,4,11,9,3,7,5,10,8,6,12,2]
15 [22,89,89,89,89,87,89,46,38,17,55,52,1,60,81,73,79,1,78,89,25,24,1,35,71,57,89,89,89,53,76,89,1,18,67,14,77,62,61,89,65,45,1,89,72,70,1,69,49,68,82,89,89,63,85,89,89,36,21,39,20,11,89,12,28,37,41,75,89,89,27,26,89,48,44,32,59,89,74,1,33,89,89,30,19,89,29,89,89,50,84,89,31,89,15,1,89,58,66,16,23,89,13,42,89,83,88,86,80,89,54,1,64,40,51,89,1,34,56,43,47]
16 [9,11,12,8,2,4,7,5,1,13,6,3,10]
17 [17,33,1,5,2,43,6,48,55,22,4,28,51,24,30,41,39,14,46,37,20,29,8,7,21,12,50,19,34,10,18,53,13,32,31,15,9,42,40,36,35,44,52,47,3,49,16,54,11,45,23,25,27,38,26]
18 [6,7,10,1,8,10,10,10,5,3,1,10,4,9]
19 [5,1,5,2,4,3]
20 [14,8,7,11,2,10,4,5,1,12,3,9,6,13]
21 [6,11,3,9,8,5,1,2,12,10,7,4,13]
22 [29,22,17,21,29,1,29,1,13,1,24,1,27,23,19,18,15,20,29,1,14,1,1,28,1,29,11,1,16,29,29,25,26,1,12]
23 [10,10,1,6,3,2,9,4,7,8,10,5]
24 [44,24,45,17,51,25,3,11,6,8,34,31,7,50,14,13,9,46,2,49,28,37,16,40,35,47,22,33,18,43,23,12,21,32,39,30,29,52,42,20,4,19,26,1,48,41,5,36,53,27,38,15,10]
25 [32,35,35,10,35,35,35,35,1,35,35,35,11,35,35,35,35,35,14,35,35,35,35,35,35,35,9,35,35,35,35,19,15,35,35,21,35,30,35,35,35,35,35,35,35,35,22,35,35,24,26,35,35,35,35,35,18,29,1,34,35,31,35,35,35,35,35,35,35,35,35,35,23,35,13,4,20,35,35,35,35,12,35,35,28,35,35,35,6,17,35,35,35,1,35,35,35,7,35,35,33,35,16,35,35,35,35,8,35,35,35,35,35,35,35,35,35,35,27,35,35,35,35,5,35,35,35,25,35,35]
26 [3,1,3,3,3,2]
27 [52,45,60,79,44,7,80,68,54,35,61,80,47,80,71,1,36,80,8,80,29,39,80,49,13,32,9,78,42,57,50,41,64,5,14,80,80,19,80,40,70,53,74,62,67,26,55,80,25,1,43,48,72,69,80,27,22,18,37,80,63,31,77,20,12,21,10,33,76,15,6,80,17,80,16,80,80,58,56,46,80,24,11,38,23,28,80,51,80,80,80,80,30,1,34,65,73,4,75,66,59]
28 [27,61,16,24,47,46,6,44,31,21,60,53,4,41,11,3,48,20,39,43,34,49,10,12,51,58,29,9,36,55,17,45,35,33,42,5,14,62,54,25,8,57,38,23,50,18,40,28,2,7,19,37,59,56,22,1,15,13,26,30,32,52]
29 [45,46,68,15,34,43,62,60,38,54,20,9,53,18,59,19,3,11,66,27,61,69,26,22,37,40,10,50,36,70,55,41,25,17,57,47,21,31,51,6,49,48,63,1,30,4,32,71,14,64,2,35,13,24,23,52,28,44,56,42,65,67,16,33,29,7,12,39,58,8,5]
30 [7,15,19,14,2,9,3,13,30,4,21,29,5,28,27,20,17,26,12,10,16,18,6,25,11,1,24,22,8,23]
31 [5,1,3,2,4]
32 [1,6,8,10,7,4,2,3,9,5,11]
33 [2,1]
34 [4,12,14,10,9,11,19,13,6,15,17,16,1,5,7,3,2,8,18]
35 [1,1,6,6,6,1,1,1]
36 [10,13,19,45,41,21,70,63,43,35,48,30,47,23,32,39,37,9,70,15,70,70,36,38,60,20,54,67,11,69,52,25,65,40,49,17,3,68,58,64,26,28,70,7,31,70,16,34,51,70,70,50,4,29,46,44,55,61,8,27,12,18,53,1,70,6,62,14,24,70,59,2,57,66,42,22,5,56,33]
37 [8,9,1,4,10,3,6,7,12,5,2,11]
38 [1,3,3,3,3,3,3,3,3,3,3,3,2]
39 [16,13,6,15,28,26,36,27,10,5,8,19,4,12,25,34,30,3,20,32,21,23,18,24,35,1,7,31,22,17,11,9,29,33,2,14]
40 [6,5,2,1,4,3]
41 [18,18,13,18,18,18,18,18,6,5,9,11,16,17,12,1,18,18,18,10,8,18,14,15,18,1,1,1,18,7]
42 [5,4,2,3,1]
43 [2,6,7,3,1,7,4,5]
44 [46,47,11,53,33,16,67,7,19,20,15,55,4,13,64,67,21,6,66,34,67,41,49,1,30,26,5,22,24,52,67,9,12,67,61,36,42,59,27,31,67,18,40,65,67,51,1,8,37,43,62,44,48,67,57,60,1,29,28,67,25,56,58,54,45,10,23,38,35,63,17,32,67,14,50,39]
45 [7,20,16,2,12,18,8,15,1,9,11,14,19,3,21,6,17,5,10,13,4]
46 [2,1]
47 [3,6,12,13,9,15,2,7,8,14,11,4,5,10,1]
48 [19,15,66,32,44,21,64,55,8,5,31,35,48,37,36,41,63,3,42,49,50,16,54,18,45,67,4,56,62,30,26,13,58,25,34,11,53,9,47,17,22,60,24,28,2,29,52,51,40,38,65,6,23,10,12,1,59,46,61,39,7,43,57,27,20,14,33]
49 [3,4,1,5,2]
50 [6,13,7,15,11,12,4,10,2,17,14,16,19,3,9,18,5,8,1,20]
51 [81,31,24,4,47,48,23,62,75,7,30,25,6,3,49,83,43,27,29,45,74,61,46,86,51,1,40,71,34,15,76,41,66,36,5,57,33,11,54,32,87,17,68,12,59,50,64,2,26,42,9,18,60,20,67,38,35,77,73,53,56,19,79,28,84,13,44,65,21,63,14,37,85,52,39,70,58,16,72,10,78,22,80,8,82,69,55]
52 [1,4,2,3]
53 [38,26,16,20,29,15,44,10,44,8,4,1,23,2,37,30,3,27,41,22,9,44,13,44,44,42,17,43,19,44,25,12,28,44,44,36,11,14,7,18,21,44,34,44,44,35,39,44,40,32,31,6,24,5,33]
54 [19,13,22,11,1,21,8,17,7,12,14,9,18,15,6,4,3,16,5,2,10,20,23]
55 [2,3,7,10,11,9,6,4,1,5,8]
56 [10,6,4,14,15,9,1,12,3,13,11,17,8,7,5,16,2]
57 [4,1,3,2]
58 [20,54,18,41,55,13,27,24,44,10,23,47,2,45,34,29,22,6,38,32,40,50,35,19,3,28,21,39,37,52,36,4,11,48,1,43,15,53,46,31,5,9,42,8,12,26,51,49,25,7,33,14,17,30,16]
59 [49,64,45,46,42,25,60,4,9,31,16,61,76,17,47,68,7,2,1,21,83,67,72,26,6,85,38,55,11,77,30,29,18,34,81,70,22,57,14,58,52,50,74,37,8,44,54,43,39,3,13,35,56,40,53,33,73,27,63,79,48,82,20,65,12,71,62,32,59,28,5,23,24,19,66,80,41,15,75,69,36,10,84,78,51]
60 [5,8,12,6,15,18,2,4,3,18,17,18,16,10,18,18,18,9,7,14,11,1,18,13,18,18,18]
61 [11,18,8,10,3,14,7,19,13,19,1,9,5,6,12,19,19,16,4,19,19,2,17,19,19,15]
62 [7,40,11,48,9,28,23,32,21,34,24,37,22,44,12,8,39,1,42,1,38,5,29,35,25,17,27,26,45,16,19,10,30,33,46,1,15,6,43,20,41,47,1,49,36,31,13,14,18]
63 [4,3,2,5,1]
64 [6,2,7,4,12,15,17,1,3,13,10,18,11,9,14,5,8,16,19]
65 [6,1,5,6,6,2,4,3,6,6]
66 [4,10,25,20,17,23,9,11,1,22,7,13,5,6,14,16,3,2,12,15,18,24,8,19,21]
67 [8,9,4,5,11,7,6,2,3,1,10]
68 [16,51,56,43,10,44,55,36,52,19,37,12,40,48,7,46,27,29,2,41,32,38,33,50,26,21,9,24,18,3,15,5,14,22,6,53,20,17,31,30,34,47,8,45,1,28,4,11,54,13,23,42,35,25,49,39]
69 [52,31,53,48,7,69,39,63,18,20,35,54,25,23,64,37,50,24,40,45,56,28,29,30,60,33,38,21,1,62,14,32,57,34,68,22,16,12,43,44,49,42,27,1,51,1,55,15,10,70,11,41,36,13,1,8,1,67,46,61,26,65,59,9,66,58,6,47,19,17]
70 [5,8,3,16,15,17,1,4,6,9,2,21,13,12,23,11,20,7,22,25,18,24,10,19,14]
71 [20,64,50,18,58,41,21,27,59,22,1,61,56,12,47,23,49,63,6,9,16,60,14,33,44,35,57,2,19,32,28,36,37,55,45,8,62,29,43,40,26,17,53,3,11,10,34,38,42,46,24,4,5,15,39,25,31,48,65,30,54,51,7,52,13]
72 [36,37,16,19,6,34,37,8,1,37,28,37,1,37,37,37,33,17,27,37,26,37,23,14,7,30,15,37,35,10,21,4,20,13,37,12,37,37,22,25,31,37,37,5,32,11,18,37,1,29,37,37,9,24,37]
73 [2,5,5,4,3,1]
74 [7,1,5,3,6,2,4]
75 [49,11,50,21,35,58,44,22,30,13,26,43,31,45,8,57,46,18,41,32,38,54,9,39,36,52,5,59,34,1,17,29,2,47,48,24,3,25,23,28,60,15,14,53,20,10,55,19,37,56,40,6,42,12,51,4,16,27,7,33]
76 [9,3,6,1,4,7,2,12,10,8,11,5]
77 [2,13,10,4,11,9,3,7,8,14,12,1,5,6]
78 [20,4,2,19,17,13,25,7,14,23,5,21,8,6,12,16,10,26,9,24,3,1,15,11,18,22]
79 [18,1,1,20,23,1,15,1,21,16,1,1,13,23,14,12,22,23,17,1,1,19,1,1,1]
80 [20,7,27,15,32,62,29,13,9,11,48,30,46,59,10,38,18,12,1,33,26,31,8,43,50,60,35,51,55,53,45,6,40,17,19,34,37,4,25,36,44,21,23,14,54,28,2,49,42,61,24,39,22,47,41,56,58,57,3,5,52,16]
81 [8,14,18,7,19,13,20,11,10,16,4,2,3,15,17,12,1,5,6,9]
82 [34,31,17,11,33,23,19,16,27,2,29,8,34,12,24,30,21,32,26,14,9,22,28,13,10,6,5,34,20,3,4,1,34,25,7,15,18]
83 [4,10,9,10,10,6,1,5,3,7,10,8,10,2]
84 [9,11,28,21,30,24,20,3,23,5,7,8,22,16,15,32,26,14,12,4,27,19,10,1,18,6,2,25,31,17,29,13]
85 [4,9,6,5,1,7,1,8,3,9,9]
86 [1,2]
87 [8,24,10,18,3,17,25,20,14,21,16,7,9,11,5,12,13,22,1,2,23,15,19,6,4]
88 [14,10,12,13,6,7,8,3,11,4,9,2,1,5,15]
89 [1,4,5,3,2]
90 [1,3,3,2]
91 [20,17,39,30,18,7,8,4,33,6,21,38,22,28,11,12,24,35,27,15,26,37,36,3,9,23,14,29,31,13,32,34,19,25,5,10,2,1,16]
92 [22,58,62,37,52,1,34,38,59,47,61,54,17,56,8,6,24,42,27,40,57,23,1,21,16,33,1,10,20,7,29,28,31,51,44,45,32,60,53,19,49,48,63,30,15,26,35,11,50,13,18,41,43,39,36,46,14,1,12,25,55,9,1]
93 [6,10,28,20,16,23,33,50,44,48,26,30,7,1,38,14,1,8,9,19,36,43,35,40,46,24,22,29,47,32,1,1,42,34,37,17,18,39,25,15,11,27,21,45,12,49,31,1,13,41]
94 [28,92,92,49,46,92,92,51,20,31,1,65,24,67,75,73,50,69,62,74,44,10,78,58,40,29,23,92,59,61,92,54,27,42,34,89,64,86,11,92,84,72,66,92,92,87,38,92,17,92,90,55,45,85,47,4,56,92,80,37,63,92,19,92,12,71,92,68,21,26,60,81,92,92,36,92,57,92,92,92,18,15,7,70,53,83,91,39,52,30,92,32,92,92,35,79,88,92,82,48,6,43,5,16,1,1,9,22,76,41,13,25,77,8,14,92,33]
95 [11,6,1,26,21,7,2,13,23,4,14,10,24,9,17,27,22,20,16,12,15,5,25,18,19,3,8]
96 [4,12,14,20,21,10,6,8,16,7,19,13,21,9,21,18,1,17,2,11,3,21,21,5,15,21]
97 [5,1,10,19,12,9,18,3,16,13,4,8,17,7,20,2,11,14,15,6]
98 [1,5,9,10,11,3,4,8,2,6,7]
99 [86,81,108,38,112,52,61,74,117,79,33,10,6,96,19,8,100,72,68,116,55,31,36,17,24,70,54,67,89,22,27,42,66,80,94,47,50,16,119,110,103,95,41,51,107,46,40,35,44,76,63,98,73,15,30,85,114,91,104,64,101,62,14,39,92,115,12,9,69,90,43,7,13,111,45,20,59,118,3,21,11,60,23,105,84,4,102,25,97,37,77,2,82,1,65,71,109,56,32,28,57,48,26,83,34,75,113,58,53,78,29,18,106,87,5,49,93,88,99]
100 [2,12,6,3,10,5,4,9,1,11,8,7]
101 [2,4,3,1]
102 [5,5,5,5,5,5,4,5,3,1,2,5,5,5,5,5,5]
103 [1,2]
104 [19,32,16,41,24,14,41,30,41,2,13,21,18,8,37,10,34,40,41,41,4,9,41,20,36,41,38,41,7,6,29,5,35,12,41,39,15,22,41,41,41,41,33,41,41,41,25,41,41,17,1,41,26,28,41,11,3,41,27,31,41,23]
105 [3,1,10,9,6,8,11,4,5,2,7]
106 [47,54,19,51,24,20,3,37,5,63,52,38,40,36,48,12,59,16,7,58,22,13,43,61,9,28,39,4,60,14,44,10,62,46,21,30,34,17,11,57,27,29,49,35,50,56,42,32,41,1,8,55,31,6,53,23,2,25,15,33,18,45,26]
107 [10,20,6,18,20,16,20,20,17,20,20,14,12,15,1,3,4,13,11,5,8,9,7,2,20,19]
108 [48,3,29,34,10,50,44,46,14,35,5,13,32,25,2,21,53,55,56,6,37,1,8,9,7,20,4,49,28,52,11,47,27,39,18,24,31,45,19,38,15,23,43,36,54,51,42,17,12,33,26,41,40,22,30,57,16]
109 [6,12,5,8,13,15,10,3,9,16,7,16,14,16,11,16,2,1,4]
110 [5,3,1,4,7,2,6]
111 [105,92,23,67,64,25,8,80,60,26,28,78,59,90,112,101,39,87,17,37,97,58,42,13,113,73,111,7,18,9,96,71,40,5,120,2,48,19,34,85,83,36,38,32,29,20,27,91,98,44,69,100,123,30,108,103,16,49,72,89,43,121,66,116,70,68,107,102,1,82,117,94,115,11,76,3,61,79,21,54,118,55,109,14,106,33,41,10,15,47,62,99,74,24,75,56,119,46,104,53,88,110,51,84,93,95,31,65,35,6,45,4,22,63,77,52,86,122,114,57,50,12,81]
112 [10,11,19,15,29,9,16,18,21,14,23,1,5,2,7,8,12,28,4,13,24,27,20,3,17,22,26,25,6]
113 [35,1,39,1,43,16,20,43,43,43,29,27,1,1,43,1,40,31,15,1,1,30,43,43,25,37,32,1,17,41,28,18,43,43,43,43,14,1,33,1,43,43,22,19,24,43,23,43,43,43,21,43,42,36,26,38,1,34,1,1]
114 [49,1,16,65,69,80,33,80,80,80,70,1,64,35,80,80,72,34,1,24,80,66,80,13,77,78,74,80,80,48,61,80,17,80,80,80,58,80,15,28,80,80,21,80,80,23,52,80,80,76,63,51,80,71,14,80,1,80,80,1,80,18,25,80,80,80,1,12,62,30,47,42,1,41,26,80,80,20,80,38,56,32,55,80,22,60,80,57,67,80,50,80,80,79,44,39,80,80,19,80,80,80,27,54,75,80,37,1,31,59,36,46,53,43,1,1,80,68,73,80,1,40,45,29]
115 [10,3,6,11,12,9,7,1,4,5,8,2]
116 [6,28,58,68,55,71,101,91,64,53,27,29,78,30,1,56,38,20,45,83,70,41,49,62,2,34,57,74,99,95,11,3,8,84,90,65,72,10,7,19,12,88,15,69,5,60,76,50,37,82,17,85,14,35,98,26,66,77,54,24,36,48,22,33,51,25,81,86,100,16,31,43,32,63,94,97,80,73,39,59,44,92,42,89,79,18,75,23,93,4,61,13,87,46,52,9,47,40,21,96,67]
117 [3,5,4,1,6,10,11,7,13,12,2,8,9]
118 [41,30,5,31,36,22,29,47,10,40,23,4,12,15,47,1,3,42,45,8,17,13,35,33,47,47,16,43,14,7,27,20,39,21,38,44,24,47,47,26,46,25,34,28,18,32,37,6,11,47,9,2,19]
119 [2,1]
120 [12,9,1,3,10,6,2,8,13,7,5,11,15,14,4]
121 [20,47,36,1,39,11,24,17,18,40,45,14,44,9,15,34,43,5,35,16,38,25,21,46,28,4,13,26,22,2,49,32,7,10,42,31,29,6,19,41,3,8,37,12,27,23,30,33,48]
122 [6,1,3,5,4,2]
123 [7,2,11,1,8,23,6,21,16,10,22,5,14,24,12,13,19,17,25,9,18,20,4,15,3]
124 [12,5,4,7,2,6,16,1,10,15,13,14,3,17,9,11,8]
125 [2,1,4,5,3]
126 [23,31,6,21,15,25,4,12,3,17,11,29,31,2,31,22,10,14,30,27,9,7,16,18,20,5,1,28,31,19,13,31,8,24,31,31,26]
127 [2,1]
128 [22,86,13,35,14,58,7,90,101,94,23,73,71,72,5,26,64,38,83,65,74,69,40,28,34,89,78,42,24,27,43,105,1,4,82,67,25,61,68,17,2,92,31,88,77,37,41,103,95,109,56,15,76,29,3,60,11,49,102,8,57,108,87,81,84,96,79,91,62,12,53,36,70,107,100,21,80,51,32,45,75,63,46,99,98,30,44,97,19,18,55,20,52,85,10,16,59,39,104,106,6,66,93,9,33,48,54,50,47]
129 [1,2]
130 [2,10,13,7,5,8,1,6,11,4,14,3,12,9]
131 [4,9,14,10,3,12,7,2,8,13,11,1,6,5]
132 [1,2,5,9,3,8,6,7,4]
133 [5,1,2,3,4]
134 [1,2,5,4,3]
135 [1,2]
136 [14,28,18,1,2,21,10,33,26,15,30,20,32,7,31,29,3,9,4,25,23,8,16,11,12,17,19,5,27,22,24,13,6]
137 [3,4,2,4,1]
138 [14,20,7,3,11,15,21,5,4,12,25,8,26,17,24,23,9,1,6,2,16,19,10,18,13,22]
139 [4,14,6,11,9,1,14,13,1,7,14,8,12,10,3,5]
140 [22,13,22,8,5,10,22,22,22,1,11,20,22,9,22,22,7,19,21,15,22,12,18,22,4,22,22,17,16,22,6,22,1,22,22,1,14]
141 [14,18,35,16,2,4,41,9,8,28,22,37,6,26,42,10,40,30,31,24,38,7,3,46,19,1,39,32,29,33,13,11,17,27,45,12,15,25,23,43,5,34,44,36,20,21]
142 [59,18,3,40,94,83,25,53,120,56,23,22,140,126,30,110,82,27,124,131,134,130,107,128,48,116,143,87,149,35,74,24,92,37,32,16,51,73,55,89,39,28,33,139,109,77,4,113,86,119,63,7,62,99,14,31,43,13,79,127,108,97,12,85,95,135,153,105,58,71,8,148,93,61,44,112,152,75,138,76,122,125,45,65,121,10,60,78,137,91,84,101,69,29,52,41,123,136,26,21,90,132,70,96,104,38,133,115,2,34,150,129,88,98,147,66,49,5,64,103,141,6,114,155,154,42,102,9,80,142,17,19,54,67,106,151,144,81,117,72,50,100,47,57,146,15,1,46,68,20,118,36,111,145,11]
143 [10,1,6,22,11,14,7,4,3,21,9,25,12,17,19,24,18,13,5,15,26,23,8,2,16,20]
144 [16,61,67,66,80,25,10,44,26,71,23,60,49,1,70,1,79,37,12,87,20,69,1,29,27,19,15,46,41,59,1,33,42,76,17,73,34,55,21,57,1,39,14,31,24,58,86,56,72,53,36,81,32,48,45,77,65,50,43,18,30,84,62,11,47,9,68,82,1,35,28,13,64,78,74,51,63,54,1,22,85,83,75,38,40,52,1]
145 [4,3,7,1,9,10,2,8,6,5]
146 [1,2]
147 [21,79,62,31,44,79,30,79,18,5,52,79,42,41,79,51,3,25,73,29,78,71,68,48,40,79,43,9,20,79,32,66,47,55,39,36,64,4,50,60,8,79,63,79,14,46,79,54,15,75,58,33,67,11,79,19,69,65,77,74,24,76,37,12,16,1,34,7,6,17,23,27,13,49,53,61,10,79,79,59,35,70,56,38,22,45,79,28,72,2,26,57]
148 [6,5,9,7,4,8,2,3,1]
149 [3,2,3,1]
150 [8,8,8,6,8,8,8,8,8,8,8,8,8,8,8,8,8,8,8,8,8,7,1,8,8,8,8,2,8,8,8,5,8,8,8,8,4,8,8,8,8,3]
151 [6,15,14,11,17,13,7,9,8,5,2,16,10,19,12,18,1,4,3]
152 [1,94,100,113,9,102,29,107,64,23,61,21,43,73,101,49,76,18,57,11,82,56,79,103,98,24,47,46,33,78,32,12,13,109,19,84,96,67,8,2,25,114,72,108,52,65,4,110,93,26,55,51,17,106,28,27,59,6,39,104,92,83,95,54,69,36,30,60,112,42,81,68,16,85,35,86,44,41,14,53,10,90,22,37,40,48,70,111,66,50,63,75,80,31,20,5,71,58,88,77,91,7,38,105,62,15,89,45,97,99,87,74,3,34]
153 [8,6,2,4,7,9,3,5,1]
154 [2,2,2,2,2,2,2,2,2,1,2]
155 [1,54,54,1,46,11,1,54,19,22,9,54,31,40,12,20,17,54,1,44,15,24,54,14,34,51,53,36,1,10,7,30,16,48,54,8,23,21,54,50,41,54,33,37,52,18,25,32,28,42,54,1,38,49,54,13,47,29,26,43,45,35,39,27]
156 [14,17,30,2,44,37,19,18,32,29,13,5,43,48,8,16,3,38,34,31,25,12,49,27,40,6,26,51,15,41,9,7,10,22,24,20,45,36,50,23,33,4,47,42,11,35,28,21,46,39,1]
157 [7,14,29,1,6,30,17,41,18,11,20,2,35,22,19,10,16,8,32,9,26,15,28,12,33,23,21,40,25,39,4,5,13,36,31,37,24,38,3,27,34]
158 [4,8,6,13,34,22,10,32,16,2,34,29,5,28,14,26,33,34,25,23,15,34,19,3,34,20,12,9,11,34,27,34,17,31,24,30,21,1,7,34,34,18]
159 [2,4,1,3,5]
160 [19,24,8,20,22,15,4,1,14,13,7,11,2,23,16,18,21,3,6,9,5,10,12,17]
161 [9,12,11,6,7,5,10,1,8,2,3,4]
162 [15,7,23,8,11,12,14,16,21,1,5,4,13,2,22,9,20,19,6,17,18,3,10]
163 [12,6,59,5,50,38,10,7,18,27,46,14,20,44,4,26,9,17,15,29,52,51,40,28,1,37,25,23,22,3,32,48,19,55,31,53,42,58,39,13,11,2,56,16,60,41,30,33,35,24,8,36,47,43,54,45,57,49,21,34]
164 [2,5,4,10,7,6,8,9,3,1]
165 [2,1]
166 [27,46,23,1,52,52,24,52,52,28,52,1,1,52,47,22,52,1,52,52,32,1,52,52,34,1,52,52,1,44,1,1,49,52,43,1,1,41,25,1,52,38,1,33,52,52,1,29,50,42,52,52,52,52,30,52,1,52,52,52,51,52,1,52,26,52,37,39,1,52,52,52,48,1,31,1,40,52,52,35,52,52,1,52,36,52,45,1]
167 [18,18,18,18,18,18,18,18,18,18,18,18,18,18,18,18,6,18,18,11,18,18,17,18,18,18,18,18,8,18,18,18,18,15,18,18,18,12,18,18,18,18,9,18,18,18,18,18,18,18,18,18,13,18,18,18,18,18,14,18,18,4,18,18,18,18,7,10,1,5,18,3,16,18,18,18,18,18,18,18,18,18,2,18,18,18,18,18,18,18,18,18,18]
168 [15,25,19,4,7,31,1,11,13,31,27,24,12,31,31,23,31,29,9,17,5,1,28,8,31,31,14,10,16,22,31,31,26,20,21,6,31,30,18,1]
169 [2,4,3,1]
170 [8,3,14,7,6,4,5,13,17,12,18,1,16,11,10,2,9,15]
171 [5,1,7,25,12,8,6,21,9,20,18,26,2,13,23,17,16,4,10,26,24,3,15,26,14,19,11,22]
172 [46,23,19,26,56,41,49,63,30,75,62,64,21,72,11,39,5,67,65,22,42,51,71,53,58,1,3,50,55,29,32,25,70,57,31,4,35,37,9,44,24,66,12,2,52,69,17,54,18,13,38,16,47,14,48,20,40,43,68,74,10,73,27,28,34,7,33,6,36,59,45,8,15,61,60]
173 [1,5,1,4,6,7,7,1,7]
174 [46,20,6,48,38,17,44,10,33,73,76,77,5,4,77,74,7,41,70,77,57,26,18,56,77,77,71,23,68,37,32,77,77,60,55,69,40,77,65,66,43,62,21,12,29,58,59,9,77,63,47,28,49,77,53,14,77,3,77,39,30,35,77,77,77,31,1,61,15,64,42,25,36,54,51,24,27,50,22,19,34,45,77,11,72,2,8,16,13,52,75,67]
175 [45,20,26,45,32,25,31,22,11,45,29,37,13,33,6,14,12,8,16,28,27,19,17,2,45,30,40,43,24,45,45,38,7,45,45,5,42,36,44,3,35,41,21,45,9,45,45,34,39,4,45,1,18,45,45,23,45,15,45,10]
176 [19,11,3,20,25,26,21,22,13,8,4,9,15,14,24,2,10,23,12,17,6,18,5,7,16,1]
177 [13,5,10,6,1,11,7,15,20,24,4,23,12,14,19,21,8,18,2,9,17,22,3,16]
178 [5,8,7,10,11,6,9,3,4,1,2]
179 [6,22,15,9,3,19,2,20,18,5,23,1,7,13,16,4,10,12,21,11,8,14,17]
180 [8,9,11,2,5,7,4,3,1,10,6]
181 [2,1,3,3,3,3,3,3,3,3,3]
182 [8,17,7,12,2,4,3,11,6,13,5,16,15,1,14,9,10]
183 [1,5,2,6,4,3]
184 [1,15,5,1,4,13,12,22,19,17,22,18,22,10,22,22,22,16,7,20,9,14,8,21,1,22,6,22,22,11]
185 [16,24,1,4,31,19,7,8,13,2,18,23,12,9,17,32,28,27,15,25,14,26,21,3,6,29,11,22,10,33,5,30,20]
186 [12,4,5,9,2,10,3,8,13,11,7,14,6,1,14]
187 [1,1,4,5,3]
188 [169,77,122,201,143,246,64,182,184,180,7,206,152,55,229,123,53,160,15,26,261,231,144,173,130,100,196,93,209,92,163,14,228,227,149,66,60,138,74,142,255,30,258,224,204,222,21,18,176,217,24,202,134,257,237,91,45,233,78,72,51,87,249,99,162,40,61,44,47,117,159,242,46,9,71,127,58,119,36,38,216,69,235,151,263,150,42,139,137,82,253,121,136,75,19,115,67,178,5,172,63,2,165,254,120,28,232,41,132,195,168,141,39,13,200,114,256,89,213,247,166,59,250,94,125,145,260,221,238,25,245,68,11,10,171,203,107,85,126,156,103,54,148,135,57,210,252,219,179,133,153,215,56,191,104,226,205,34,208,29,164,35,198,236,177,83,116,8,22,76,96,111,33,84,212,193,220,197,187,170,88,262,43,190,65,140,27,73,48,241,161,31,175,86,113,124,240,147,105,20,106,186,194,81,52,174,146,251,192,188,199,109,110,185,70,62,97,112,37,118,12,244,154,80,49,155,223,243,214,32,128,108,102,6,16,101,239,211,158,131,248,3,207,129,181,234,79,1,225,218,23,90,230,17,189,50,183,259,4,98,167,157,95]
189 [2,1]
190 [86,81,47,21,61,6,76,45,13,86,42,71,78,4,29,86,22,7,17,83,79,75,43,16,23,30,86,50,69,60,3,36,86,18,80,53,15,59,31,19,10,1,8,86,34,12,25,39,37,56,68,11,20,38,32,58,9,70,86,86,28,86,46,27,14,86,72,66,24,67,86,86,73,86,44,86,41,49,82,77,86,74,5,54,55,35,40,48,33,86,63,57,86,86,64,51,1,85,84,52,62,26,65]
191 [43,39,43,13,1,43,26,20,43,43,43,43,27,21,43,1,1,40,25,42,43,43,1,1,28,30,33,1,34,43,43,22,19,31,17,18,15,24,23,36,35,1,1,1,43,1,1,14,37,43,32,41,38,16,29,1]
192 [5,14,17,8,4,11,20,1,9,12,2,6,13,7,10,16,3,18,15,19]
193 [73,88,54,84,69,94,90,5,62,101,1,42,6,4,20,41,16,57,78,36,107,96,74,66,13,106,98,72,70,81,30,35,89,50,25,91,47,85,18,17,10,21,63,28,107,79,77,107,107,61,11,33,39,14,27,68,65,59,38,93,107,104,8,86,67,82,103,76,51,3,32,19,43,49,15,97,60,92,22,29,71,105,37,24,75,53,48,56,44,52,40,2,9,55,26,23,58,46,87,34,102,12,95,31,7,83,100,80,99,64,45]
194 [32,66,65,26,18,21,40,4,60,41,69,63,27,16,53,73,30,13,74,31,70,9,23,38,5,50,25,76,51,35,59,58,7,78,20,52,42,57,1,56,8,45,68,36,3,39,71,79,43,34,77,17,72,19,29,28,48,55,54,47,49,6,2,22,62,15,44,75,11,61,67,33,12,24,46,14,64,10,37]
195 [17,25,22,14,33,3,6,19,35,20,15,27,24,36,5,7,12,2,18,9,30,34,13,10,28,11,37,1,26,31,16,29,4,8,23,32,21]
196 [5,14,41,53,26,7,63,60,11,62,16,48,64,31,54,55,13,58,27,43,25,56,9,33,1,49,34,12,46,51,52,23,40,36,3,2,19,44,61,47,22,37,59,24,4,8,18,29,20,30,38,50,65,17,10,42,21,15,45,28,57,39,6,32,35,66]
197 [3,4,2,5,1,6]
198 [17,14,6,2,8,11,4,1,16,7,18,10,12,15,3,5,13,9]
199 [7,1,3,2,9,8,6,5,9,4]
200 [20,24,8,13,36,21,43,37,25,7,38,39,32,1,14,1,46,29,47,6,30,33,16,45,18,35,41,23,31,40,5,27,19,48,11,34,42,9,28,22,1,44,12,17,49,15,26,1,10]
201 [12,34,15,3,4,35,28,24,18,5,16,7,22,19,30,20,25,23,13,31,8,10,36,9,1,27,17,33,26,14,6,11,21,37,29,2,32]
202 [22,39,44,33,31,37,13,17,4,36,5,14,23,43,1,40,24,44,8,18,32,11,35,16,21,41,38,7,19,42,6,34,29,10,20,30,2,3,28,15,44,27,12,25,26,9]
203 [2,1]
204 [1,5,4,3,2]
205 [11,8,2,1,6,10,9,3,12,4,5,7]
206 [49,11,53,32,62,8,9,27,78,5,7,18,41,16,72,1,39,61,48,20,33,21,2,40,68,24,50,29,12,23,42,43,30,44,22,67,74,36,3,77,25,55,28,38,57,58,10,34,45,63,71,4,17,6,66,47,26,65,35,46,31,69,60,15,14,37,70,19,59,51,54,56,73,75,13,64,52,76]
207 [6,6,6,6,6,6,1,6,6,6,6,6,6,3,2,6,6,6,5,6,6,6,4,6,6,6,6]
208 [8,25,28,21,32,33,7,12,4,1,19,14,5,13,9,15,16,6,17,26,11,10,27,24,2,23,30,35,20,18,29,22,34,31,3]
209 [5,6,7,8,8,4,2,3,1,8,8]
210 [16,26,1,31,50,59,18,13,42,39,33,58,40,20,35,41,11,29,36,48,44,37,24,8,15,9,54,21,47,23,32,53,34,5,56,6,7,30,27,10,14,38,4,19,43,3,17,57,46,55,51,25,28,45,52,49,12,22,2]
211 [11,10,17,34,7,26,38,28,18,27,9,16,35,13,36,21,31,14,37,1,32,29,25,30,1,22,24,1,20,23,12,1,8,15,1,19,1,33]
212 [6,12,18,14,15,26,26,5,9,16,26,3,21,25,13,26,26,10,8,19,22,23,11,20,17,1,7,26,26,24,4,1]
213 [90,25,43,70,73,54,45,64,14,23,39,48,17,5,46,86,91,8,10,83,16,84,79,95,55,65,51,6,47,57,27,9,18,32,69,20,35,78,38,41,58,13,28,37,3,7,97,30,94,52,89,68,49,29,96,80,42,81,71,63,59,11,56,12,4,92,67,76,85,24,62,33,93,50,34,72,60,82,44,53,40,61,74,19,77,66,87,88,15,75,36,1,2,21,26,22,98,31]
214 [1,2,2,2,2,2,2,2]
215 [8,6,7,5,11,9,10,12,4,1,2,3]
216 [4,8,5,2,9,3,1,6,7,10]
217 [43,2,32,40,25,5,4,57,64,9,42,118,55,122,23,12,29,65,79,96,73,71,75,19,30,22,14,90,76,6,50,107,128,31,92,112,56,53,74,7,91,111,67,24,84,47,66,83,125,121,123,35,68,70,38,106,87,81,3,69,116,99,51,11,102,89,60,54,117,41,36,78,129,10,120,113,108,17,61,28,48,115,49,124,86,33,93,97,100,63,80,15,98,77,105,46,13,114,85,45,8,21,44,103,39,62,127,109,104,119,16,26,126,18,52,95,20,101,58,37,34,1,82,110,94,27,59,88,72]
218 [51,33,55,61,38,24,57,43,65,59,49,45,19,68,42,35,54,30,9,4,10,72,15,36,28,1,63,8,40,17,7,47,31,3,32,70,13,37,16,22,66,48,11,53,6,64,52,23,39,26,20,50,60,62,12,71,34,14,21,27,41,1,44,67,25,5,69,56,29,18,58,46]
219 [84,49,84,17,48,40,78,84,36,41,30,67,59,68,20,15,80,5,19,57,79,71,44,84,53,34,75,3,69,83,42,63,77,12,7,27,84,9,22,10,73,35,13,6,24,74,46,61,1,32,84,23,25,70,84,84,26,39,84,58,62,37,38,43,84,82,31,66,84,84,14,84,84,65,52,29,56,54,81,51,18,28,33,84,50,21,47,45,76,72,4,2,8,84,60,16,64,11,55]
220 [9,20,6,14,19,5,7,11,3,10,16,2,18,12,15,1,4,13,8,17]
221 [9,2,1,18,18,5,4,11,18,18,13,8,16,10,15,7,12,3,17,14,6,18]
222 [5,1,5,2,5,5,3,5,5,5,4]
223 [4,7,2,9,1,8,10,11,5,3,6]
224 [2,7,3,6,4,5,1]
225 [13,23,18,16,27,1,20,1,1,14,1,27,27,15,24,25,12,1,27,1,26,19,17,21,27,1,1,1,22,1,27,1]
226 [14,1,11,20,9,10,17,6,27,29,4,29,15,28,1,25,18,19,16,3,12,24,29,5,26,22,7,8,23,21,13,29]
227 [10,42,45,65,39,65,37,65,60,48,15,65,65,1,18,30,17,53,28,63,65,50,6,49,58,14,46,55,54,65,23,27,51,9,1,41,12,57,64,26,33,35,31,65,1,65,25,65,1,24,65,20,44,38,43,13,65,47,11,65,65,62,65,8,7,22,16,19,21,1,65,36,65,32,61,65,29,65,59,34,56,52,65,40]
228 [6,2,1,5,4,3,7]
229 [90,48,41,74,55,82,101,47,6,87,16,43,56,53,52,13,8,14,19,83,5,22,28,66,21,92,15,79,24,27,44,65,95,26,99,51,103,102,39,62,64,89,45,80,3,96,34,23,104,49,58,2,68,76,97,17,11,29,38,94,10,61,4,37,1,30,70,42,35,77,12,78,100,54,59,36,98,93,9,86,85,46,20,25,60,7,69,67,40,32,84,63,71,57,18,88,72,31,91,33,75,50,73,81]
230 [6,9,11,10,2,3,8,5,14,4,12,13,1,7]
231 [8,1,4,5,2,7,3,6,9]
232 [51,78,32,2,17,36,42,66,53,87,20,30,54,65,55,67,24,26,64,44,33,19,77,4,46,71,86,10,57,1,18,70,62,38,63,34,11,68,28,45,12,15,73,6,40,59,69,27,35,8,80,72,7,58,9,41,74,75,82,76,37,84,21,5,79,49,22,48,14,31,60,81,29,16,39,25,43,61,47,85,50,13,83,52,23,3,56]
233 [34,29,39,30,12,10,43,27,21,14,25,28,23,17,18,15,35,5,31,44,13,40,3,45,11,26,22,6,1,2,33,19,36,8,32,38,7,9,20,37,42,4,41,16,24]
234 [1,46,42,37,46,24,34,19,40,25,30,1,46,45,39,31,46,15,46,1,1,46,20,1,23,1,32,46,27,26,35,41,15,36,46,1,43,46,46,18,1,46,46,29,21,38,15,22,1,1,46,46,46,1,1,1,28,33,44,1]
235 [72,1,74,52,31,40,68,26,71,47,1,41,98,45,69,53,99,81,30,1,92,95,67,70,8,80,16,12,57,21,73,1,59,89,61,96,82,19,76,58,55,9,33,90,14,87,11,44,15,6,13,25,28,63,79,60,56,43,22,48,62,10,18,38,54,66,42,37,7,32,49,94,29,46,24,86,34,17,93,27,36,88,64,78,35,5,20,75,84,77,85,50,51,39,65,23,91,83,97]
236 [7,3,5,11,4,8,6,9,1,2,12,10]
237 [6,1,7,4,3,10,9,8,2,5]
238 [38,42,36,11,33,44,40,10,30,5,29,37,17,6,16,35,50,28,20,27,15,46,34,41,23,25,43,8,45,49,14,22,26,48,19,9,3,21,4,18,51,13,39,2,31,1,12,7,24,47,32,52]
239 [50,81,62,57,68,98,27,73,56,70,126,29,84,1,45,89,103,42,118,111,93,1,66,69,92,113,43,48,91,1,80,106,90,28,22,18,41,115,112,97,38,117,36,1,67,39,65,37,24,96,74,77,44,119,101,72,20,83,64,63,54,78,123,17,1,76,1,87,1,126,95,79,1,85,105,52,99,30,88,86,71,116,1,31,109,108,1,104,122,23,40,126,1,1,82,1,21,94,61,51,26,75,121,1,46,19,35,60,1,34,32,124,114,55,49,110,58,25,33,59,53,100,120,47,107,102,125,1]
240 [23,17,12,16,23,23,21,7,5,23,23,23,19,1,20,23,14,23,11,3,10,6,15,18,13,23,2,8,4,9,22,23]
241 [4,2,7,6,1,5,3]
242 [1,2]
243 [1,8,2,4,3,7,6,10,9,5]
244 [6,3,23,32,2,7,43,31,29,16,59,19,12,60,5,13,36,17,46,22,26,45,47,58,24,28,44,9,54,40,53,11,52,38,25,48,1,4,15,42,34,41,10,50,37,20,39,51,14,8,35,49,57,18,33,56,61,27,55,21,30]
245 [1,9,6,5,3,2,9,9,4,7,8,9]
246 [29,10,11,34,8,41,1,23,14,6,7,35,17,31,5,38,28,40,21,13,22,25,12,39,24,15,18,33,2,19,16,20,3,30,32,27,9,36,37,26,4]
247 [19,11,18,7,9,8,4,1,2,20,10,15,13,5,3,14,6,16,21,17,12]
248 [6,6,6,5,6,6,6,6,6,6,6,6,4,6,6,6,6,6,6,6,6,6,6,3,6,6,6,6,6,6,6,6,6,6,6,6,6,6,6,6,6,6,6,6,1,2,6,6]
249 [82,1,73,82,58,1,82,1,74,69,51,26,1,1,37,67,82,53,30,1,82,50,24,18,44,1,63,75,60,38,39,62,82,54,27,22,1,1,82,82,52,70,77,1,20,82,34,1,59,46,1,40,82,71,82,80,55,82,48,82,82,57,82,82,1,65,56,82,82,43,76,29,68,72,82,1,47,42,79,1,21,78,25,82,32,61,82,82,81,35,28,36,19,31,23,33,41,1,82,49,66,45,1,64]
250 [2,5,5,5,3,5,5,5,5,1,4]
251 [3,5,1,2,7,6,4]
252 [3,1,6,7,2,8,5,4]
253 [33,53,59,63,37,50,1,17,9,62,1,1,41,63,51,7,18,14,58,11,16,32,13,46,43,24,34,27,29,54,52,44,25,63,12,30,57,5,56,45,55,47,28,63,49,15,23,6,39,1,36,22,26,31,8,48,40,21,19,20,38,35,42,60,61,63,10]
254 [62,83,30,75,4,47,34,11,41,39,23,72,53,98,14,68,10,16,60,2,73,61,99,8,74,27,57,45,25,6,18,54,29,50,95,28,96,51,79,17,24,32,88,78,80,82,55,9,69,49,26,33,65,15,58,1,7,97,66,91,48,90,13,36,86,77,64,63,52,81,44,22,59,84,87,20,12,89,71,42,85,46,3,94,35,5,70,38,43,19,76,67,40,93,92,21,31,56,37]
255 [52,27,42,29,50,67,46,2,41,59,62,55,64,30,17,47,10,25,13,7,69,16,63,9,68,31,28,40,36,14,43,22,18,8,20,56,23,33,58,21,11,6,53,66,37,15,38,60,5,49,65,34,32,70,12,57,19,44,39,48,45,1,35,61,3,24,54,26,4,51]
256 [66,70,110,18,39,85,88,110,28,67,101,110,103,110,38,110,24,89,99,4,97,69,9,12,25,108,30,110,83,23,86,73,82,56,110,81,46,110,105,71,27,54,90,20,62,87,94,16,1,72,36,110,13,110,77,31,19,40,106,52,110,95,63,37,61,65,15,6,1,110,47,110,32,107,58,109,110,3,68,91,51,14,98,43,34,29,22,8,92,84,100,110,50,57,102,55,80,110,45,110,64,11,93,21,5,78,33,26,48,42,35,49,41,75,110,110,110,7,10,104,44,96,60,59,76,53,17,79,74]
257 [38,65,21,33,29,1,41,1,68,16,15,44,48,1,35,24,18,52,60,54,30,56,49,19,46,67,51,31,40,63,17,47,8,53,13,10,22,1,69,1,45,37,43,25,66,64,36,61,34,14,11,27,62,23,26,1,59,9,28,39,58,32,1,42,55,57,20,50,12]
258 [22,40,14,35,4,36,1,38,9,8,19,10,25,20,31,33,2,7,23,6,44,12,39,13,34,42,5,21,30,32,45,3,24,46,11,18,28,41,37,15,43,16,29,27,17,26]
259 [4,2,3,1]
260 [3,2,9,4,1,7,10,5,6,8]
261 [41,32,26,33,15,41,20,6,41,24,21,39,36,35,41,7,22,40,41,41,41,11,16,30,8,41,1,37,38,41,41,18,13,41,41,41,23,28,19,9,4,31,41,41,29,2,10,12,25,41,41,14,41,17,41,41,27,34,41,3,5,41]
262 [1,2,4,5,3]
263 [3,6,5,6,1,6,6,4,2]
264 [82,20,96,26,36,40,57,64,63,86,96,96,38,15,30,90,60,33,96,44,89,41,52,34,46,8,96,77,96,96,10,5,69,14,94,96,83,61,76,73,24,91,58,6,39,74,96,1,70,92,59,62,96,96,56,65,96,42,75,96,84,55,79,51,96,67,43,27,29,2,17,66,7,53,50,11,35,19,54,16,49,45,4,96,96,47,80,23,21,22,85,68,95,9,93,12,81,28,48,13,25,18,3,87,96,72,37,31,32,71,78,88,96,96]
265 [4,1,8,20,21,6,21,5,7,12,3,16,15,13,21,11,21,14,18,9,10,17,21,2,19,21]
266 [6,24,13,8,3,21,16,23,10,12,15,1,18,19,9,17,14,4,22,5,20,7,2,11]
267 [13,5,1,30,21,8,25,22,2,9,24,12,27,19,11,15,26,28,16,14,4,3,29,23,18,6,7,10,17,20]
268 [8,5,16,29,23,4,28,13,11,10,12,20,14,7,18,19,17,6,21,9,27,24,1,22,25,30,2,3,15,26]
269 [8,16,64,34,42,65,5,71,29,6,1,2,61,32,18,49,68,51,17,70,10,60,45,13,37,35,26,67,21,33,74,44,69,9,52,47,28,12,53,73,54,48,19,24,4,58,39,41,63,14,62,23,75,72,30,36,59,27,56,3,40,20,55,7,50,22,38,43,25,31,11,66,15,46,57]
270 [54,32,55,30,43,10,16,5,51,46,48,25,47,39,34,21,44,9,15,26,3,2,28,37,22,40,20,11,38,24,42,17,12,41,13,27,52,19,35,8,1,50,14,4,6,45,53,18,23,33,49,31,7,29,36]
271 [9,6,12,10,24,32,26,19,23,28,25,14,22,27,5,7,34,17,4,11,16,13,18,30,8,21,33,29,2,1,31,15,20,3]
272 [8,46,48,42,19,3,38,61,6,33,23,71,32,20,2,58,7,37,9,25,5,40,72,68,64,12,16,14,69,35,18,63,24,11,29,67,60,49,36,31,47,62,45,65,27,52,26,50,59,15,66,28,13,34,10,57,43,30,22,21,73,41,70,53,56,54,4,1,51,17,39,55,44]
273 [1,2]
274 [14,48,42,29,17,24,46,6,33,35,30,49,10,28,49,3,2,23,49,49,43,20,27,31,49,5,4,15,47,26,49,49,39,21,19,37,16,8,49,34,9,49,11,40,36,44,38,22,32,12,7,45,13,18,41,1,25]
275 [17,14,10,18,3,8,1,6,7,21,5,15,4,2,19,20,12,13,11,9,22,16]
276 [1,43,1,47,47,1,1,1,47,47,47,40,1,47,47,1,41,42,1,47,1,39,47,1,47,47,44,38,1,47,47,1,47,47,47,1,1,47,1,1,1,47,1,1,47,47,45,47,47,1,1,1,1,47,1,1,1,1,1,1,46,1,1,1,47,1,47,47,1,1,1,1]
277 [4,1,8,1,10,6,5,7,1,9]
278 [36,16,19,18,8,12,38,30,28,29,15,23,34,3,6,22,13,11,25,7,2,37,1,24,21,5,20,10,14,35,17,4,32,33,27,9,31,26]
279 [13,2,12,10,9,4,3,14,8,6,15,16,17,1,11,7,5]
280 [2,4,3,4,1]
281 [26,23,9,2,17,7,19,15,3,16,14,26,20,26,4,22,6,26,13,11,24,8,12,18,25,1,26,21,10,5]
282 [28,63,17,130,69,74,10,122,109,16,127,14,19,96,60,68,62,104,97,38,108,64,92,72,51,56,52,129,121,128,42,91,93,12,50,110,124,87,94,82,48,107,105,5,15,123,21,76,30,46,40,81,35,118,95,99,13,6,34,100,32,1,22,39,125,47,26,86,11,18,4,119,29,24,31,9,70,114,115,84,65,57,126,25,43,102,58,101,131,90,89,3,27,67,33,20,113,45,120,73,54,79,59,88,37,55,66,98,61,78,106,80,117,53,36,103,49,44,77,111,116,2,83,23,41,75,112,7,71,8,85]
283 [1,1]
284 [107,73,5,75,33,100,141,65,131,90,57,19,128,61,129,13,121,39,160,91,67,109,119,133,142,66,130,147,94,102,59,103,146,151,14,47,79,64,111,99,126,150,16,157,53,117,112,152,123,62,8,85,9,155,105,114,37,113,81,158,46,41,148,71,134,60,6,127,116,124,76,161,115,154,7,32,10,104,135,22,12,138,120,54,52,96,144,11,24,27,149,87,145,122,1,21,23,2,35,84,118,36,125,95,97,26,42,74,132,82,15,89,86,93,63,28,58,72,49,143,78,56,43,38,106,92,98,40,69,20,3,162,17,34,70,45,159,50,88,101,110,77,31,51,18,48,137,156,140,44,55,153,83,25,30,29,136,139,4,80,108,68]
285 [1,17,6,8,2,3,5,22,11,4,18,16,10,14,19,9,23,13,12,7,21,15,20]
286 [32,15,27,9,28,5,17,38,36,16,10,14,24,11,13,33,3,1,18,20,12,35,7,26,23,25,19,1,8,30,34,31,37,6,22,29,3,21]
287 [7,2,1,6,8,4,5,9,3]
288 [10,57,39,62,53,52,45,28,5,22,32,9,35,4,17,26,34,27,71,40,65,18,64,36,58,48,66,41,47,14,37,15,23,61,63,72,70,43,30,59,54,24,50,13,67,16,19,3,69,25,20,29,46,44,8,56,6,31,51,38,7,68,60,2,21,1,33,12,49,73,11,55,42]
289 [8,39,28,27,20,5,43,44,16,25,9,7,2,31,34,13,47,46,40,1,49,24,38,15,11,42,23,36,33,32,29,4,3,21,18,6,12,19,17,14,22,48,26,45,10,37,30,35,41]
290 [8,55,49,70,11,47,54,9,18,41,37,65,62,29,25,66,22,58,1,43,33,23,61,57,68,71,17,60,35,69,24,19,42,7,31,21,30,51,15,6,10,38,46,59,5,73,27,67,52,2,36,14,56,28,64,53,72,40,50,20,32,44,39,12,16,63,3,45,34,13,26,4,48]
291 [5,4,7,2,1,6,3]
292 [7,7,5,1,6,4,3,7,7,7,7,2,7]
293 [31,4,45,20,32,44,12,26,43,7,67,53,56,60,49,18,3,17,10,9,27,14,58,22,5,36,65,48,29,15,37,21,11,24,63,6,55,39,51,30,34,8,25,61,23,54,13,40,1,47,50,33,67,62,57,64,52,42,16,35,41,1,38,59,46,67,67,28,19,67,66]
294 [9,22,21,6,8,11,36,5,14,33,37,15,7,23,25,4,34,43,19,3,1,10,24,41,28,29,35,44,16,40,32,31,2,27,26,13,17,45,18,39,38,42,12,20,30]
295 [2,6,6,6,6,6,3,5,1,6,4]
296 [2,1,4,3]
297 [9,1,3,5,4,10,8,2,7,6,11]
298 [5,9,8,14,21,23,3,23,13,23,1,23,2,23,10,23,23,23,16,20,12,23,18,23,17,6,4,22,23,11,19,7,15,23]
299 [6,17,13,23,14,9,10,22,18,4,11,8,20,15,21,7,19,16,12,5,3,1,2]
300 [1,3,3,2]
301 [8,3,5,2,4,7,1,6]
302 [145,37,29,143,251,159,194,129,217,48,243,111,215,75,92,79,5,163,124,233,49,208,85,103,222,131,249,44,221,28,130,223,110,33,218,69,59,15,68,73,36,240,89,180,43,82,253,162,31,98,134,70,234,182,210,181,220,113,108,76,150,23,78,52,139,10,117,229,106,86,67,177,116,107,157,198,120,204,93,255,97,123,237,155,195,14,128,126,213,147,206,142,144,18,135,32,50,61,151,122,77,196,27,230,88,19,186,175,16,227,6,231,238,34,74,100,121,189,246,197,244,235,22,172,158,214,1,141,87,55,212,64,211,154,250,20,248,38,56,193,118,192,187,257,72,178,247,205,101,109,183,140,51,91,209,115,242,81,171,138,42,239,137,224,57,146,258,225,13,2,179,4,216,254,153,25,132,105,127,84,119,226,21,99,63,156,90,35,30,252,12,165,202,245,71,104,114,161,95,164,191,11,184,62,26,188,136,201,60,173,256,174,167,8,83,160,112,228,169,24,148,58,125,65,96,236,152,168,219,190,45,149,207,39,7,166,3,232,53,66,199,102,241,185,200,17,47,133,94,203,46,176,9,40,170,80,41,54]
303 [2,4,3,1]
304 [20,59,34,55,60,23,14,12,28,46,39,21,17,26,27,43,18,19,6,41,22,7,25,32,33,47,24,31,3,29,16,40,36,53,11,1,45,35,38,5,13,37,50,61,30,9,56,10,54,62,44,51,58,49,48,2,42,4,15,52,57,8]
305 [8,2,16,27,1,25,19,31,10,14,21,22,23,24,9,3,6,20,33,32,30,29,13,26,4,17,11,15,28,5,18,12,7]
306 [2,5,7,4,3,6,1]
307 [10,2,12,15,14,3,16,16,4,6,11,16,16,7,8,9,16,1,5,16,16,16,13]
308 [7,3,2,11,1,8,13,4,5,12,9,6,10,14]
309 [1,2,3,4]
310 [23,30,6,30,28,19,30,29,30,30,22,30,30,30,8,30,30,30,27,24,18,30,15,30,30,30,30,12,14,30,5,11,30,13,9,26,30,30,30,21,30,30,1,30,10,3,30,20,30,30,30,25,30,2,30,30,30,30,17,30,30,30,30,7,4,16,30]
311 [4,14,15,6,13,12,9,19,21,16,18,11,2,10,8,1,3,5,7,17,20]
312 [25,25,25,25,25,25,1,25,25,25,21,25,25,8,25,10,25,24,19,14,25,20,22,11,16,25,25,25,25,25,25,25,25,25,13,18,25,25,25,5,25,12,25,25,25,3,25,25,25,25,25,25,25,25,25,25,9,7,25,25,25,23,25,4,25,15,25,25,25,25,25,25,25,25,2,17,25,25,25,25,6,25,25]
313 [99,70,97,99,37,12,26,9,63,76,81,57,72,14,39,7,99,73,1,99,99,99,87,80,4,86,30,52,47,99,17,13,92,69,95,8,51,41,99,10,93,77,91,56,36,6,18,88,15,99,1,61,22,94,23,53,75,65,48,99,1,83,59,24,90,99,99,64,46,66,45,79,60,33,35,19,43,16,68,99,82,96,71,25,54,29,28,49,44,98,11,55,99,5,99,85,50,42,78,58,27,84,40,20,67,99,38,32,34,89,99,31,99,62,74,21]
314 [20,16,3,5,2,9,8,19,17,13,15,11,1,7,4,18,6,12,14,10]
315 [5,8,14,18,3,24,22,10,1,4,12,13,16,9,23,17,21,19,6,11,2,7,15,20]
316 [31,42,4,42,22,5,21,42,29,2,18,40,36,9,23,42,42,25,28,35,10,24,11,14,16,42,15,7,12,20,33,41,8,3,34,30,32,1,38,17,39,13,19,37,6,27,26]
317 [2,1,3]
318 [13,6,4,19,25,11,5,31,24,10,3,9,18,8,1,17,27,29,21,2,16,30,7,32,14,22,23,28,12,20,26,15]
319 [2,1]
320 [32,52,49,47,14,8,61,64,40,38,17,65,42,33,55,24,37,59,36,34,45,21,44,25,9,28,22,29,12,50,56,60,30,15,48,19,53,62,54,46,13,35,1,1,68,3,20,41,7,58,10,6,3,51,67,66,63,23,39,31,27,11,43,18,5,26,16,57]
321 [11,14,41,13,12,5,33,53,50,27,55,35,48,40,1,37,51,45,29,24,31,54,23,22,28,49,3,20,42,38,44,10,16,7,18,6,30,21,36,52,8,25,26,47,39,9,4,17,32,57,34,15,43,46,2,56,19]
322 [39,44,14,22,1,9,41,13,55,59,52,7,49,29,24,46,28,40,32,11,25,51,31,23,4,48,34,30,35,33,2,36,20,16,27,3,57,15,58,53,6,5,38,8,26,19,47,43,21,56,17,50,42,18,45,54,12,37,10]
323 [4,5,3,9,1,2,8,6,7,11,10]
324 [1,9,4,14,5,13,8,7,12,15,17,10,2,6,16,3,11]
325 [33,50,32,37,56,44,18,68,11,21,28,13,59,3,57,52,22,42,35,20,41,27,5,34,48,63,40,26,29,51,54,55,43,38,19,24,23,30,36,61,31,17,67,45,9,10,39,49,66,1,2,47,58,62,8,6,65,53,4,60,12,16,64,14,15,46,25,7]
326 [17,15,4,12,14,19,1,3,8,2,9,7,16,6,18,13,5,10,11]
327 [12,8,9,19,7,5,3,21,22,11,14,1,20,15,16,6,4,17,18,22,13,10,2]
328 [7,17,12,5,18,11,20,16,15,6,8,1,19,14,2,21,9,13,4,3,10]
329 [42,12,15,32,28,40,5,38,20,13,17,11,39,19,7,10,21,22,6,24,30,44,4,3,9,29,14,31,27,33,35,45,37,36,34,41,8,23,16,18,25,43,2,1,26]
330 [24,25,33,32,28,15,13,1,40,9,1,1,16,40,1,1,38,40,40,8,18,39,1,40,19,36,40,40,1,23,40,10,21,27,34,35,20,37,26,14,12,40,11,31,17,40,30,22,29]
331 [2,3,4,5,1,6,7]
332 [1,57,73,139,170,132,154,123,178,125,90,114,160,177,156,20,152,135,104,52,79,142,100,146,1,107,169,1,161,155,148,78,166,117,122,50,28,70,94,29,76,153,75,1,37,59,95,16,128,69,33,9,51,124,115,40,85,74,145,144,179,12,23,35,19,11,34,60,102,168,174,67,134,84,1,54,45,136,137,143,87,1,64,127,48,26,120,167,150,63,22,83,62,39,14,77,141,111,9,99,129,55,82,43,149,175,176,13,18,108,36,171,97,53,38,173,105,88,68,49,157,101,24,25,130,44,86,121,126,42,32,151,96,56,66,81,65,80,159,46,72,172,41,113,1,106,21,1,109,93,112,27,17,103,71,165,58,15,98,162,31,47,61,138,92,118,163,158,131,140,119,116,164,30,147,91,133,110,89]
333 [6,23,19,36,31,28,4,32,38,29,14,33,15,30,20,12,11,9,8,25,16,5,21,27,17,1,37,34,2,24,39,22,7,10,3,26,18,35,13]
334 [14,36,36,13,15,17,36,25,3,27,9,36,6,36,8,36,36,18,33,7,22,36,24,30,36,16,28,35,2,32,21,19,4,23,29,10,20,26,36,11,1,34,31,36,12,5]
335 [14,39,44,15,35,29,31,13,44,37,44,12,1,1,43,34,25,6,5,44,18,19,9,44,17,44,44,32,27,44,10,1,41,22,44,40,33,1,11,36,44,24,28,30,7,26,21,38,20,16,42,23,8]
336 [2,1,4,3]
337 [7,1,11,17,24,10,30,33,14,18,21,5,15,27,12,20,26,33,31,8,33,23,1,6,19,25,22,16,32,28,29,13,4,9,3]
338 [4,7,5,3,6,10,9,8,2,1]
339 [17,44,42,27,16,12,31,9,20,10,30,7,3,36,2,19,24,46,23,14,35,21,8,28,53,4,47,48,26,50,11,6,1,41,54,32,29,15,55,51,38,49,25,18,33,52,56,13,39,5,45,40,22,43,34,37]
340 [5,1,2,3,4]
341 [24,10,18,2,8,21,26,38,40,23,7,22,55,1,12,28,29,31,52,3,30,41,49,15,48,51,27,46,45,39,33,42,19,25,9,13,47,11,37,36,43,54,6,32,44,53,34,16,4,5,14,20,35,50,17]
342 [8,1,11,3,7,10,5,2,4,9,6]
343 [10,19,20,23,6,4,3,1,13,2,16,17,18,14,15,9,12,7,22,5,11,21,8]
344 [15,32,53,27,84,5,23,33,89,54,69,75,68,30,36,52,67,73,48,38,65,29,17,83,87,42,46,76,40,19,31,72,34,60,24,43,88,78,7,41,16,25,61,18,51,21,28,66,80,4,64,11,50,6,62,8,71,20,56,49,86,79,12,35,9,39,81,14,57,63,59,10,90,13,70,82,22,3,37,92,93,58,2,91,95,45,94,85,77,44,55,1,26,47,74]
345 [2,3,8,5,12,1,6,4,7,11,9,10]
346 [3,1,5,8,11,10,7,1,6,4,12,9]
347 [1,5,11,3,2,6,4,10,7,9,8]
348 [1,25,18,22,12,1,28,10,7,28,28,1,1,20,28,13,19,1,26,8,28,21,15,27,9,14,17,28,28,1,24,11,16,23]
349 [2,1]
350 [2,1]
351 [18,17,2,16,19,3,6,15,20,14,13,9,8,10,7,5,1,11,12,4]
352 [1,30,11,10,36,36,36,36,27,36,33,9,36,34,15,29,28,32,1,36,36,36,36,18,24,16,19,36,36,26,17,1,8,12,22,21,36,1,36,1,31,1,36,14,1,20,36,36,36,35,25,23,36,13]
353 [23,8,2,9,26,1,30,17,13,16,29,5,22,24,20,12,6,14,27,25,3,21,18,10,11,19,4,7,15,28]
354 [2,25,15,14,7,1,26,23,9,22,13,12,24,17,18,8,11,20,21,16,3,19,6,10,5,4]
355 [49,119,132,61,117,103,71,6,111,122,42,96,50,121,40,76,102,51,30,36,57,126,87,12,24,29,79,18,41,134,33,85,78,133,82,19,99,84,94,106,83,69,90,22,8,104,124,73,46,105,125,28,13,118,34,55,5,128,62,53,52,39,67,9,70,27,35,114,60,26,3,100,130,80,64,32,110,14,112,97,66,63,81,37,131,108,98,54,91,48,15,1,23,95,56,2,65,10,59,47,88,16,25,92,101,4,74,20,21,93,7,44,86,115,127,11,17,72,129,58,107,75,113,123,45,116,38,89,43,77,109,68,31,120]
356 [1,3,7,2,6,4,5]
357 [3,7,2,5,6,1,4]
358 [31,3,32,42,42,39,24,21,9,30,27,12,42,15,20,11,22,1,42,35,1,42,42,42,4,17,6,42,25,42,33,16,14,29,38,8,36,42,28,5,13,7,18,26,42,42,40,37,19,42,34,23,10,41,42]
359 [9,5,49,33,36,28,27,37,48,18,12,35,7,15,39,14,11,42,26,8,31,10,43,32,6,16,29,50,34,20,22,40,3,13,45,30,21,23,24,1,44,17,2,46,47,25,38,4,41,19]
360 [71,73,42,54,22,69,72,48,70,45,44,18,35,37,31,20,19,28,49,43,17,74,47,46,65,52,30,38,12,8,25,58,67,11,24,26,32,4,15,60,51,50,7,27,68,40,57,10,29,6,64,34,21,41,3,63,14,5,62,66,53,75,36,39,13,9,56,1,2,16,61,59,55,23,33]
361 [17,2,16,28,12,23,29,24,15,27,13,5,20,37,36,19,26,25,1,8,9,6,21,4,18,30,7,22,31,11,32,33,10,35,14,3,34]
362 [3,7,10,4,8,1,6,5,2,9]
363 [1,2]
364 [21,16,10,2,59,9,18,31,7,51,46,53,23,27,6,49,30,5,3,56,17,42,15,60,70,64,58,57,63,8,28,36,41,29,66,44,1,47,20,61,67,52,45,35,13,43,26,14,11,38,19,33,37,48,39,55,40,25,34,69,50,4,12,68,32,24,65,54,22,62]
365 [30,102,109,46,134,120,88,53,108,137,31,77,16,19,98,107,40,89,28,90,66,10,113,37,9,138,44,72,21,56,36,12,63,121,103,81,101,140,127,6,27,64,7,57,48,22,82,61,96,135,43,39,83,92,17,111,58,74,29,25,71,139,115,136,62,125,23,76,2,80,38,123,124,24,131,3,104,100,59,79,14,141,78,4,119,95,128,13,87,70,105,129,84,50,116,11,97,94,86,132,65,110,15,91,67,51,112,34,114,122,47,52,32,55,45,68,54,60,35,49,106,33,8,118,99,42,75,133,126,1,130,93,18,117,73,69,26,85,20,41,5]
366 [5,19,19,19,7,14,19,19,19,19,16,4,19,19,19,19,19,19,19,19,19,19,19,19,19,19,19,19,19,19,19,3,13,19,19,19,19,19,19,9,19,19,19,15,19,12,19,19,19,18,19,10,19,1,19,19,19,19,19,19,19,8,19,19,19,19,6,19,19,19,19,19,17,19,19,19,2,11,19,19,19]
367 [2,7,7,3,5,6,4,1]
368 [80,107,124,102,132,110,55,81,48,138,40,100,35,139,34,5,21,118,141,120,131,71,103,76,84,36,41,42,26,68,8,93,77,6,1,63,119,60,3,46,83,112,113,108,9,111,92,114,13,15,56,109,98,104,4,143,65,105,125,79,117,145,23,85,142,28,37,82,128,58,64,70,45,19,123,96,51,22,12,115,11,29,106,144,129,59,2,47,44,16,75,87,33,66,95,18,88,67,134,62,136,116,43,72,73,94,133,99,101,97,137,14,146,140,135,61,130,27,20,122,126,52,74,31,25,38,30,17,53,49,127,69,10,50,78,24,7,57,32,121,54,86,90,91,89,39]
369 [11,27,1,9,13,22,27,27,27,26,18,8,7,14,10,6,27,27,23,24,20,16,27,17,21,25,19,2,27,3,12,4,27,5,27,15]
370 [12,9,5,1,3,10,4,7,11,8,2,6]
371 [12,1,3,16,13,15,11,6,5,8,18,9,7,4,2,10,14,17]
372 [5,2,7,1,4,6,3]
373 [7,9,8,4,6,2,5,3,1]
374 [42,7,30,22,8,47,35,36,29,44,38,39,59,12,27,1,57,18,6,26,28,62,45,15,37,61,50,67,41,56,4,14,34,16,33,48,52,32,19,9,31,40,46,66,11,5,53,24,60,2,54,23,10,65,17,49,43,51,64,58,3,63,25,13,20,55,21]
375 [46,46,7,37,46,45,15,46,17,14,46,46,46,46,46,44,43,46,46,46,28,11,46,46,46,46,9,38,46,26,22,12,46,46,46,46,46,46,46,46,46,20,6,4,41,46,46,46,46,46,46,3,46,35,24,27,34,30,46,46,18,46,32,5,40,46,13,31,39,19,46,36,46,46,46,1,29,46,46,10,42,23,16,21,8,1,33,25,46]
376 [2,1,6,4,7,3,9,5,8,10]
377 [2,3,1]
378 [5,32,9,23,21,11,40,20,37,36,15,7,34,22,1,28,26,39,3,30,18,10,6,35,14,8,17,24,4,38,41,25,16,27,12,2,19,13,29,31,33]
379 [4,1,2,3]
380 [17,20,2,41,9,15,31,6,13,28,43,3,16,35,10,27,21,34,1,33,24,12,18,38,25,22,4,5,36,39,32,26,11,8,40,29,37,44,42,19,30,23,14,7]
381 [9,1,3,4,8,6,5,10,2,7]
382 [6,5,4,2,1,3]
383 [10,3,5,11,2,8,6,1,7,9,4]
384 [12,27,18,29,15,24,30,25,6,28,14,17,23,26,32,16,1,4,33,31,19,34,11,34,7,2,20,3,34,5,21,13,22,10,9,8]
385 [3,3,3,3,3,3,3,3,3,3,3,3,3,2,3,3,3,3,3,1,3,3,3,3,3]
386 [34,22,29,8,24,62,14,67,53,35,26,23,71,13,52,18,71,37,9,31,57,49,71,71,69,71,71,46,65,71,64,71,25,33,70,19,71,48,28,1,50,17,30,20,44,10,21,40,1,63,54,71,38,12,27,45,71,71,71,59,41,39,66,61,7,71,71,68,43,56,5,6,71,42,60,1,36,32,71,15,16,47,51,1,11,71,58,55]
387 [4,3,6,7,1,10,9,5,8,11,2]
388 [3,21,6,10,18,9,15,5,12,2,13,11,14,16,22,19,1,8,4,20,17,7]
389 [93,92,83,82,59,93,8,80,19,93,5,74,93,68,93,69,4,44,77,46,93,20,93,62,7,93,88,93,91,93,93,16,38,66,93,93,93,84,85,53,93,70,61,93,93,18,79,89,87,93,93,72,28,60,93,27,21,40,1,17,93,75,93,93,93,22,93,49,93,76,93,26,93,50,58,11,93,45,33,42,31,52,57,15,93,93,41,43,73,54,3,93,32,24,93,37,67,30,29,63,12,93,93,14,93,55,65,47,25,71,56,51,93,93,93,48,34,93,78,90,23,93,10,9,36,6,64,93,81,39,1,35,13,86,93]
390 [80,51,28,86,5,62,11,35,88,91,50,41,19,95,53,20,15,102,40,36,33,100,82,74,70,39,12,45,104,81,101,57,56,10,32,26,31,63,47,46,48,64,79,38,2,61,6,29,73,16,42,30,43,65,52,87,93,103,34,107,18,8,85,67,78,66,14,13,24,76,4,71,3,94,105,77,7,44,23,68,83,55,58,98,84,89,69,72,9,25,17,60,96,59,49,37,21,99,106,1,54,22,75,90,97,92,27]
391 [74,43,1,41,39,76,1,70,55,1,1,65,76,64,49,76,1,76,1,51,37,42,56,1,71,76,76,47,1,76,1,44,67,75,66,1,53,1,1,63,76,1,1,54,57,1,1,76,1,40,58,76,38,76,1,69,45,61,36,60,68,50,1,52,1,76,1,1,72,1,1,73,1,35,33,1,46,76,1,34,1,59,62,48,1,1,1,1]
392 [5,3,2,4,7,6,1]
393 [16,19,25,45,18,15,47,37,1,1,46,10,29,1,48,43,33,26,49,38,39,1,44,41,30,13,34,20,1,32,27,22,1,11,42,21,40,24,23,28,35,36,1,1,12,17,14,1,31]
394 [7,15,6,17,9,20,5,20,20,19,20,2,20,3,4,11,20,1,20,12,10,8,16,18,20,14,20,13]
395 [7,24,46,45,1,21,16,40,30,6,3,5,14,15,32,19,35,22,37,28,11,12,27,2,36,8,10,17,31,4,39,29,25,20,44,33,42,48,34,9,38,23,47,13,26,18,43,41]
396 [7,5,14,1,15,16,2,10,13,17,9,11,6,22,8,12,21,19,3,4,18,20]
397 [32,67,62,39,21,55,23,84,30,11,73,72,60,52,78,25,76,58,59,4,80,33,54,83,36,6,42,56,28,9,8,53,3,74,24,66,20,50,79,37,18,13,68,40,63,81,22,82,51,12,70,71,49,34,2,61,41,64,29,31,26,15,77,44,27,35,75,47,69,19,45,7,16,65,17,43,57,10,1,5,38,46,48,14]
398 [19,3,20,20,20,8,20,20,15,17,5,20,10,11,16,4,13,14,6,18,20,9,12,1,20,7,20,2]
399 [21,24,6,8,26,3,38,13,2,28,27,12,30,17,18,11,36,39,7,9,41,23,37,14,16,1,40,31,32,33,25,20,19,34,15,4,22,10,35,29,5]
400 [8,5,6,3,14,11,10,12,2,7,9,13,4,15,1]
401 [6,10,8,1,7,9,3,2,5,11,4]
402 [23,14,17,8,6,21,20,10,22,7,3,13,4,1,19,11,26,2,9,5,15,18,16,25,24,12]
403 [2,1]
404 [56,52,20,17,51,37,56,26,24,15,56,41,18,25,4,16,56,10,28,9,13,44,2,55,8,1,36,50,56,38,42,23,56,6,30,56,56,43,22,45,46,34,49,5,7,14,21,33,32,19,39,56,53,48,56,54,56,35,47,31,56,3,11,29,40,12,27]
405 [5,8,10,7,1,6,4,3,2,9]
406 [48,7,31,36,58,30,10,16,34,20,61,12,28,50,53,42,24,59,3,43,51,25,40,45,32,38,17,26,41,35,6,9,60,8,37,14,62,13,63,22,54,1,55,56,46,49,52,29,44,23,19,21,47,27,15,33,39,18,57,5,4,11,2]
407 [73,102,120,31,6,48,111,47,85,27,11,62,24,60,17,98,92,69,2,20,91,56,53,52,22,109,120,101,75,36,38,72,78,107,45,117,43,96,94,21,99,1,116,86,44,112,30,40,66,51,34,105,87,110,103,76,12,63,9,55,49,5,89,35,29,65,8,79,100,28,25,58,13,4,19,14,46,115,82,41,15,18,74,119,23,83,95,50,114,33,54,113,90,104,37,77,64,88,118,61,106,26,3,42,81,16,70,57,97,32,80,71,93,59,39,108,7,67,84,10,68]
408 [1,9,4,10,8,2,3,6,7,12,5,11]
409 [23,18,34,26,9,22,1,8,14,5,28,13,7,16,24,33,6,1,29,1,32,19,27,11,10,15,17,34,20,21,30,25,1,31,12]
410 [24,27,1,1,36,35,32,29,19,36,14,34,23,1,25,11,12,26,16,31,36,36,33,1,1,15,30,1,20,36,22,9,13,17,1,36,21,10,8,28,18,36]
411 [1,5,7,3,4,2,6]
412 [1,9,10,3,7,5,4,11,2,8,6]
413 [56,8,6,30,70,39,12,20,7,15,66,71,60,48,36,65,29,22,41,25,37,64,4,14,54,62,13,5,59,35,19,21,17,43,52,67,57,9,23,28,24,32,61,34,3,38,40,45,44,58,2,53,68,26,42,63,18,27,11,55,46,33,47,69,50,31,51,16,72,10,1,49]
414 [1,2,3,4]
415 [20,31,7,9,1,25,29,30,22,19,5,31,8,18,31,1,17,10,28,26,15,31,6,13,14,23,1,24,1,31,31,27,11,16,21,12]
416 [12,4,10,11,13,5,8,17,14,3,7,1,16,15,6,2,9]
417 [14,19,7,36,33,13,22,3,12,1,30,4,2,11,10,15,21,17,28,35,25,34,32,20,29,26,16,6,31,27,18,23,8,9,24,5]
418 [8,1,4,2,7,6,5,8,8,3]
419 [1,2,5,4,6,3]
420 [36,33,29,7,22,4,15,27,35,16,21,18,12,20,37,3,2,40,30,26,28,13,1,31,32,38,14,17,25,19,6,23,39,10,9,24,34,11,8,5]
421 [75,7,49,59,8,44,51,46,9,60,54,52,37,65,39,4,14,1,71,62,6,19,12,20,72,50,5,10,61,26,11,42,70,13,15,3,18,38,53,58,40,31,45,47,67,35,74,27,57,33,25,2,28,21,63,30,41,36,29,24,16,34,64,73,56,66,76,43,23,68,69,32,55,22,48,17]
422 [8,3,2,10,7,11,6,5,1,9,4]
423 [6,2,10,1,3,9,5,7,4,8]
424 [5,13,3,11,2,10,1,8,9,6,7,12,4]
425 [22,11,35,42,33,39,52,28,3,43,46,40,25,19,53,29,5,51,20,47,14,10,18,13,30,16,15,37,1,24,45,12,49,36,54,7,34,27,8,48,9,50,41,23,4,26,17,32,21,6,31,44,2,38]
426 [5,18,25,14,15,10,22,12,4,20,3,9,1,32,11,8,17,19,13,27,28,7,2,16,23,29,21,24,26,33,30,6,31]
427 [2,1]
428 [6,35,9,8,29,35,24,21,23,17,19,20,5,7,31,10,35,30,22,35,27,4,3,32,18,12,14,35,1,13,35,33,15,34,35,25,16,35,28,2,11,26]
429 [19,6,21,11,4,13,8,9,5,20,7,10,1,17,14,3,16,18,2,15,12]
430 [37,19,77,18,65,59,28,38,52,86,17,20,46,49,26,78,36,9,79,68,93,33,69,43,70,96,67,63,53,13,6,55,5,7,24,40,74,30,73,54,39,64,62,16,45,4,15,23,47,80,25,66,1,87,8,14,61,92,42,48,27,41,22,91,57,85,76,97,56,60,88,82,90,32,83,31,34,21,2,11,51,94,44,50,98,35,75,71,29,3,58,81,10,12,95,89,84,72]
431 [3,6,1,8,2,7,9,10,11,5,4]
432 [1,3,2,4]
433 [6,12,11,7,1,2,3,5,9,8,10,12,4]
434 [8,75,64,65,37,52,35,46,13,76,12,87,22,88,11,39,45,33,26,21,63,23,1,9,29,16,77,53,43,50,80,48,84,61,55,85,78,5,30,44,60,20,57,42,81,14,6,54,66,24,67,51,68,79,25,71,62,36,41,40,3,56,7,38,73,74,58,31,86,28,49,4,15,59,32,83,69,70,34,27,47,17,10,72,19,2,18,82]
435 [5,5,5,1,5,5,5,5,5,5,5,5,5,5,2,5,5,4,5,5,5,5,5,5,3]
436 [53,31,42,34,29,50,24,67,52,12,64,87,49,102,38,99,43,96,2,103,32,44,55,28,71,37,16,74,70,45,11,85,73,79,25,13,15,92,54,104,95,22,47,97,100,60,78,84,19,9,88,57,72,69,8,86,94,82,35,7,41,68,30,80,65,1,26,20,101,27,4,90,75,89,77,40,46,10,17,61,76,62,98,5,14,59,23,56,91,51,83,21,36,63,3,81,58,93,33,18,39,6,48,66]
437 [5,3,10,16,11,29,19,26,13,27,2,4,21,17,32,22,8,28,9,6,18,25,1,31,23,15,14,24,30,7,20,12]
438 [12,21,64,52,49,31,47,2,15,34,4,74,55,66,39,41,43,67,71,42,48,20,59,54,25,6,56,65,8,7,30,17,51,72,44,29,70,32,28,1,61,76,13,33,22,45,16,37,60,9,23,26,57,14,27,18,19,40,73,63,50,3,11,38,69,36,62,46,58,5,35,68,24,75,10,53]
439 [25,12,1,31,32,27,1,30,11,8,17,18,6,7,35,19,29,28,15,1,10,16,33,1,9,22,23,26,36,5,20,21,13,24,14,34]
440 [30,35,15,43,53,12,47,103,63,69,22,97,91,27,82,34,105,41,20,51,75,94,100,74,60,77,42,106,84,87,25,6,99,95,49,19,26,3,46,38,37,2,56,59,1,45,110,5,58,54,64,78,107,72,81,23,44,10,80,4,40,57,14,98,66,89,70,108,52,48,76,18,9,92,28,88,86,93,85,61,7,65,50,83,31,33,29,17,8,67,16,68,109,73,36,104,32,71,102,62,24,11,55,90,21,101,79,96,13,39]
441 [9,6,18,5,16,18,10,18,12,18,15,4,17,11,18,3,14,2,8,1,7,13]
442 [2,1]
443 [1,2]
444 [1,7,8,4,6,5,2,3]
445 [2,7,23,23,11,8,23,19,1,23,17,12,23,15,10,16,20,18,5,9,14,22,13,23,23,23,4,21,23,6,3,23]
446 [14,6,4,19,8,16,9,22,25,20,2,1,5,24,12,7,15,17,18,3,13,21,11,23,10]
447 [7,6,8,1,2,9,5,4,10,3,11,12]
448 [6,5,10,4,11,3,7,9,8,12,2,1]
449 [4,5,6,1,2,3,6]
450 [7,13,12,11,21,17,20,1,9,5,15,1,10,1,19,6,18,16,4,8,14]
451 [1,1,1,1]
452 [28,21,17,40,42,41,26,13,11,9,38,1,18,1,4,10,12,29,32,14,23,7,34,37,20,27,19,25,5,31,1,8,36,22,35,39,24,16,15,30,6,33]
453 [6,6,6,4,1,5,3,6,1,6]
454 [28,51,94,32,7,54,59,4,69,85,47,42,88,74,39,8,70,96,29,90,2,55,83,21,63,46,78,45,20,6,10,16,37,35,61,97,79,19,14,25,41,43,33,66,49,75,9,77,58,67,38,18,36,17,98,12,102,3,86,89,52,56,65,68,50,95,27,64,40,48,84,81,82,62,73,80,22,99,44,93,15,34,5,31,57,76,26,11,23,13,100,87,53,60,24,72,1,101,91,92,71,30]
455 [5,6,11,8,3,1,7,9,4,2,10]
456 [3,3,3,1,3,3,3,2,3,3,3]
457 [31,28,9,22,27,3,6,40,21,23,14,2,29,8,5,35,37,4,13,15,16,11,38,26,17,34,33,25,7,39,32,30,1,10,24,20,12,19,18,36]
458 [4,4,1,3,4,4,2]
459 [1,2]
460 [2,10,3,4,1,9,7,6,8,5]
461 [7,3,4,8,6,1,2,5]
462 [4,6,3,1,5,7,2]
463 [1,2,2,2,2,2,2]
464 [34,27,28,18,34,33,13,7,34,34,6,3,1,14,16,15,11,8,26,34,30,34,24,9,34,17,22,34,34,25,34,2,29,5,31,23,12,32,10,19,4,34,34,21,20,34]
465 [2,1]
466 [8,59,1,32,31,7,37,21,35,57,26,4,50,6,2,54,13,17,52,40,58,16,39,15,19,25,49,43,20,38,55,24,41,18,3,30,10,42,33,46,11,9,45,51,14,23,36,56,44,34,22,53,12,29,27,47,48,28,5]
467 [15,162,20,13,96,124,68,148,115,113,26,145,61,110,27,114,171,126,89,86,47,9,177,63,49,180,129,101,104,103,5,3,48,133,38,163,33,107,23,94,172,178,10,43,21,152,71,77,95,108,11,167,92,54,102,7,149,36,136,84,55,130,117,59,64,88,128,70,111,112,40,22,139,147,75,66,175,120,17,65,182,53,161,151,150,164,159,34,143,174,184,132,67,155,156,122,62,51,16,142,157,125,85,6,74,52,90,138,46,31,2,131,176,60,1,169,19,137,56,81,134,146,80,42,44,91,28,98,69,165,83,25,105,29,97,140,30,8,45,72,24,39,154,158,32,170,41,153,57,58,160,166,76,119,35,100,18,73,144,135,123,181,50,127,78,109,121,173,14,12,116,106,79,99,37,4,82,168,141,87,179,183,93,118]
468 [4,18,3,6,8,13,1,5,18,10,12,17,11,14,9,1,18,16,7,15]
469 [8,11,10,4,7,9,5,3,6,2,1]
470 [12,49,32,72,55,52,46,37,59,1,68,58,1,72,34,47,60,39,35,48,24,1,72,30,17,40,18,72,56,63,67,26,70,57,42,61,1,33,72,66,20,28,15,31,1,53,71,19,62,51,1,14,16,72,72,72,1,22,65,72,1,36,21,1,44,23,11,27,72,64,41,72,45,72,50,69,25,13,29,54,38,43,72,1]
471 [6,8,17,1,5,14,12,16,15,7,3,10,4,9,2,13,11,18]
472 [7,11,5,4,9,3,2,1,10,8,6]
473 [126,15,45,27,70,2,51,74,7,44,91,59,69,106,122,19,43,76,90,57,94,20,23,111,8,42,61,72,66,89,80,78,95,100,35,88,34,10,65,24,103,21,118,124,50,41,75,36,25,37,32,33,81,47,110,3,112,56,22,123,49,48,79,97,38,6,125,71,53,29,107,101,16,55,18,108,96,12,121,4,93,46,102,84,92,105,40,114,1,28,26,82,68,5,63,62,13,39,83,120,77,113,73,116,67,86,98,99,52,14,87,11,58,17,31,30,104,119,60,54,64,9,109,117,115,85]
474 [1,3,5,4,2]
475 [2,4,1,3]
476 [8,13,7,9,10,4,3,6,5,12,11,1,2]
477 [2,1]
478 [3,1,8,5,2,8,4,8,6,8,7,8]
479 [13,15,9,15,3,12,15,8,11,4,7,15,5,6,2,10,15,1,14]
480 [2,1,5,3,4]
481 [12,6,7,13,17,17,3,16,17,5,17,11,8,14,4,15,10,2,17,1,17,17,17,17,9]
482 [18,8,17,9,12,24,25,3,20,27,10,21,11,13,28,15,4,30,6,26,32,14,31,1,23,19,5,22,7,29,16,2]
483 [2,3,6,5,1,4,6]
484 [7,3,5,8,2,19,20,21,17,22,22,15,1,4,13,11,12,9,18,16,14,10,6]
485 [16,4,2,17,8,13,20,21,11,1,3,19,7,9,6,10,18,5,12,15,14]
486 [5,3,4,1,2]
487 [2,1]
488 [17,14,38,18,9,7,11,22,37,15,19,10,25,41,42,46,39,5,1,40,31,3,13,2,43,33,44,30,26,48,34,27,28,21,6,4,32,36,8,35,45,23,20,16,47,12,29,24]
489 [2,2,2,2,2,1,2,2,2,2]
490 [3,8,6,10,1,4,12,2,5,7,9,11,13]
491 [9,7,8,4,6,10,5,3,1,11,11,11,1,11]
492 [6,7,55,24,55,49,19,46,38,53,34,1,11,39,13,33,32,36,15,28,50,47,1,27,35,23,30,48,21,37,52,5,43,10,45,25,22,16,51,9,26,1,1,17,55,31,8,41,12,42,54,20,14,18,44,40,29]
493 [4,2,4,3,4,4,1]
494 [15,57,48,44,59,26,6,54,22,45,58,4,49,14,8,11,37,38,13,21,5,28,9,32,41,55,34,39,30,1,18,53,43,19,42,2,7,47,40,31,12,29,46,24,33,52,27,50,23,17,35,60,10,56,16,3,36,20,51,25]
495 [40,47,47,4,32,43,18,37,44,47,30,14,2,45,22,17,11,41,25,38,6,47,47,20,13,29,3,12,24,16,19,39,47,36,47,46,34,33,7,26,8,23,47,9,42,47,27,35,10,47,31,47,1,5,28,47,47,15,21]
496 [11,1,30,33,17,5,6,23,4,9,2,29,3,28,31,22,26,20,18,21,14,16,19,13,35,7,25,34,27,32,8,15,12,10,24]
497 [15,3,18,8,32,21,31,7,4,12,24,22,13,26,19,25,16,14,20,30,9,11,1,6,2,10,29,5,27,28,17,23]
498 [9,10,14,11,2,7,6,15,1,3,8,5,16,13,12,4]
499 [20,34,66,72,4,14,65,10,73,44,54,41,76,13,8,78,61,35,59,49,38,46,27,51,33,17,84,12,87,16,26,85,74,77,45,68,29,80,15,1,7,71,75,83,62,79,22,53,25,37,42,64,58,67,89,4,56,18,50,1,55,63,36,4,88,31,81,70,32,19,9,1,24,48,82,57,39,30,60,11,52,69,28,21,47,43,40,86,23,90]
500 [3,7,2,11,12,6,1,8,9,5,4,10]
501 [26,20,23,12,13,10,17,24,19,14,4,18,8,7,6,5,27,21,2,25,22,3,16,15,11,1,9]
502 [32,20,3,56,12,42,14,10,51,6,18,41,2,50,40,49,53,16,30,44,39,4,34,22,17,27,21,54,24,15,47,23,55,11,38,36,26,37,48,46,28,31,5,13,29,33,25,52,19,9,7,8,43,45,35,1]
503 [1,2]
504 [3,22,9,4,6,23,24,7,2,16,14,11,19,8,1,5,10,20,18,25,17,27,15,12,13,26,21,28]
505 [4,2,6,5,7,8,1,9,10,10,3,10]
506 [17,6,33,19,11,18,24,2,10,29,25,28,12,34,9,1,20,26,30,27,4,8,15,32,31,22,21,7,14,35,16,3,13,23,5]
507 [1,7,3,6,5,2,4]
508 [3,6,5,1,7,10,2,9,4,8]
509 [9,30,40,23,11,6,29,1,17,5,25,34,28,18,2,43,35,20,4,16,12,14,8,13,27,15,31,47,7,46,44,33,10,41,19,21,36,32,22,38,48,37,42,39,45,24,3,26]
510 [8,7,14,18,4,18,13,6,16,15,5,1,10,2,18,11,12,17,9,3]
511 [15,20,26,26,8,2,13,26,23,7,17,12,9,11,6,4,22,24,10,5,18,14,16,19,26,25,21,26,1,3]
512 [19,12,13,41,15,38,6,50,46,7,39,52,34,22,36,48,35,49,51,53,29,5,28,25,27,24,20,14,10,42,23,9,40,44,43,4,3,47,31,8,1,21,32,2,45,11,16,26,37,17,30,18,33]
513 [53,128,79,133,54,83,124,1,52,60,111,36,118,96,134,88,1,100,1,63,74,123,49,65,1,135,1,115,70,32,107,77,113,44,78,1,71,82,91,61,103,1,35,62,68,120,1,98,1,129,125,99,1,45,106,114,138,1,1,41,1,84,57,122,1,1,130,1,119,58,59,126,1,31,1,76,38,127,1,1,56,33,112,64,34,101,42,37,94,69,108,86,92,67,55,117,1,73,116,47,132,90,72,1,75,109,110,104,39,95,1,80,93,121,87,85,50,1,43,137,1,97,48,89,66,51,1,1,1,136,40,105,102,1,1,131,81,46]
514 [1,1]
515 [16,12,9,13,2,6,8,3,1,7,11,10,5,15,14,4]
516 [5,10,4,2,9,7,6,3,1,8]
517 [20,14,13,15,11,4,17,19,6,3,5,9,2,10,12,1,7,16,8,18]
518 [7,8,10,3,4,6,15,14,5,1,13,2,9,15,15,12,11]
519 [3,1,4,2]
520 [3,4,5,2,1]
521 [70,35,61,15,20,9,50,46,43,5,52,36,25,12,6,71,57,69,3,42,24,60,19,30,54,72,23,10,58,34,56,28,64,4,37,45,8,59,27,39,44,48,38,32,17,11,14,7,51,41,2,26,47,40,55,16,1,67,63,18,21,66,49,68,62,33,29,53,13,22,31,65]
522 [4,5,5,5,1,5,5,5,5,5,5,5,5,5,5,5,5,5,5,5,5,5,5,5,5,3,5,5,5,5,5,5,5,2]
523 [2,1]
524 [1,54,54,54,34,54,54,54,21,54,54,1,54,1,54,54,43,1,44,1,1,54,1,39,54,27,52,54,54,38,54,54,54,54,54,54,54,36,54,54,25,54,1,19,35,54,20,54,41,23,54,54,54,54,1,54,54,54,54,54,54,51,54,15,54,1,1,54,54,46,32,24,16,37,54,54,54,54,54,50,1,30,54,47,54,48,1,54,18,53,54,54,22,54,54,49,54,54,54,54,45,42,31,54,33,54,54,54,1,29,28,54,54,54,17,26,54,54,40,54,54,54,54,54]
525 [7,12,17,14,22,5,20,11,26,25,16,24,18,8,4,9,23,15,1,19,3,6,13,21,2,10]
526 [12,21,11,3,18,2,17,14,9,7,6,10,4,25,20,16,22,19,24,13,1,23,8,5,15,26]
527 [8,16,18,6,1,4,5,3,14,7,10,15,9,11,12,17,2,13]
528 [1,4,3,2]
529 [73,60,99,104,86,87,48,24,29,50,15,78,18,79,70,37,84,64,11,12,59,81,88,23,98,106,34,91,22,66,57,14,19,74,65,93,68,55,61,103,95,46,100,106,49,62,106,21,76,20,25,63,39,1,33,72,71,69,106,31,38,45,1,75,51,94,52,9,35,105,13,7,16,106,67,106,8,106,77,40,1,30,27,10,17,80,32,54,106,82,58,106,47,28,56,85,42,44,106,89,83,36,1,53,90,41,102,101,6,43,1,92,26,97,96]
530 [17,19,23,23,23,23,5,21,8,2,16,10,7,15,23,20,9,23,23,14,18,4,23,23,23,23,11,23,23,6,13,22,23,3,1,12]
531 [26,25,22,62,5,37,27,49,16,40,30,2,34,7,45,42,9,44,57,8,43,46,24,23,17,50,1,6,51,4,36,3,29,64,15,41,56,61,18,53,38,54,48,10,58,59,52,32,60,63,13,47,11,33,55,35,31,28,20,19,12,21,39,14]
532 [30,10,1,21,39,31,36,35,1,38,17,9,29,12,39,16,26,32,13,14,20,24,15,1,1,18,33,19,34,1,28,1,39,37,27,1,22,11,23,39,1,25]
533 [9,10,1,13,14,19,3,5,18,2,16,4,17,15,12,11,8,7,6]
534 [31,25,19,5,41,1,42,47,29,32,4,17,1,9,38,48,20,37,34,11,6,39,33,26,15,10,45,36,24,40,30,27,49,13,28,12,35,22,43,7,8,46,23,50,21,14,16,3,18,44]
535 [2,3,17,1,11,6,8,13,18,14,4,10,9,18,15,5,18,16,12,18,18,7]
536 [14,7,23,13,17,8,20,4,9,26,12,11,5,25,16,21,19,2,24,22,3,6,10,18,1,15]
537 [1,2,7,4,6,5,3]
538 [4,6,2,13,11,3,15,5,12,14,7,9,8,10,1]
539 [17,92,89,10,13,38,66,50,90,25,60,81,83,101,94,97,33,53,18,5,67,31,42,3,12,57,59,30,23,55,76,73,58,48,70,96,51,11,102,65,6,21,26,2,40,56,9,54,78,46,49,95,29,79,35,22,14,52,39,100,61,64,20,91,69,47,68,27,80,15,87,77,44,41,1,45,37,88,19,82,28,43,71,63,75,84,103,98,85,4,34,74,93,99,7,72,36,86,32,8,62,16,24]
540 [53,41,44,37,10,46,18,4,29,49,28,52,14,24,50,39,5,12,8,33,27,25,31,36,19,26,30,47,3,40,16,9,42,15,17,6,38,23,11,7,13,1,2,48,51,20,32,34,22,21,45,35,43]
541 [6,7,1,1,5,7,1,1]
542 [10,8,7,3,1,6,9,4,5,2]
543 [22,21,17,8,4,3,9,20,2,14,26,11,6,5,7,15,23,12,1,25,18,13,10,19,24,16]
544 [8,28,10,13,1,21,17,9,20,15,19,26,18,16,24,12,7,22,25,6,11,3,27,2,5,14,23,4]
545 [6,10,8,3,7,18,1,12,14,15,5,17,20,19,13,22,2,16,9,11,4,21]
546 [17,30,22,32,27,12,24,35,25,15,18,28,33,1,16,20,13,2,14,9,34,7,4,3,31,8,26,36,6,21,10,29,5,19,11,23]
547 [7,4,28,19,10,33,21,29,24,26,1,5,22,11,16,32,18,27,9,13,30,8,23,31,25,17,14,15,6,2,12,3,20]
548 [5,1,21,12,13,20,14,24,4,23,7,17,6,10,8,25,15,27,11,16,9,22,26,1,19,18,1]
549 [3,2,1,6,7,8,5,4]
550 [7,4,18,13,16,9,2,11,3,10,1,20,5,19,17,15,8,14,6,21,12,22]
551 [28,26,1,22,23,1,1,1,15,18,24,20,1,14,19,1,28,25,28,17,21,1,28,1,27,1,13,16,12,1,1]
552 [1,14,26,29,12,27,23,28,9,6,15,7,17,24,20,19,8,31,4,3,2,5,13,10,16,11,22,18,32,25,30,21]
553 [6,10,16,14,3,1,4,11,27,12,21,5,23,24,2,27,25,26,27,22,9,19,7,13,15,20,8,17,18]
554 [4,6,9,2,5,8,3,1,7,10,10]
555 [5,4,3,2,1]
556 [17,12,18,9,23,2,7,14,15,16,3,5,13,10,25,20,1,22,8,21,11,4,6,19,24]
557 [12,10,2,4,3,9,1,11,6,7,5,8]
558 [44,29,46,48,11,43,16,33,24,3,50,39,9,45,40,10,20,31,13,21,42,17,25,41,35,18,19,32,4,30,26,37,28,51,7,1,15,38,14,36,6,23,8,22,5,34,2,12,49,47,27]
559 [4,2,5,8,1,3,7,6]
560 [3,4,5,7,6,2,1]
561 [15,42,51,5,11,12,4,29,41,40,9,28,1,8,36,34,53,20,46,14,48,6,38,18,43,10,13,52,30,47,45,23,24,26,22,54,17,3,44,35,27,49,32,55,16,19,39,25,31,33,56,50,7,2,21,37]
562 [1,4,6,2,7,5,3]
563 [2,3,4,1]
564 [7,3,5,4,6,8,1,2]
565 [5,12,9,16,15,17,7,1,2,8,3,6,13,11,4,10,14]
566 [33,6,10,23,28,30,24,4,13,14,17,1,29,5,21,27,12,35,18,26,22,3,34,32,7,31,20,11,2,15,8,19,9,25,16]
567 [2,8,14,16,3,10,5,12,7,1,6,13,9,17,15,4,11]
568 [48,31,34,19,50,54,36,7,21,90,45,74,55,49,81,99,62,28,84,53,6,101,95,71,77,94,107,109,24,20,14,51,106,46,73,42,47,80,96,87,91,69,29,12,75,11,23,97,63,72,105,79,27,64,1,44,59,15,110,104,40,67,17,65,98,10,3,37,33,88,9,100,52,35,86,25,30,82,66,16,26,83,18,61,58,8,93,68,102,2,57,56,60,111,39,43,78,22,92,76,108,32,13,5,89,4,103,41,70,85,38]
569 [4,1,9,3,5,8,6,7,2]
570 [54,10,32,48,18,76,73,17,25,41,27,12,50,42,21,63,51,9,66,78,72,61,3,71,33,7,46,47,1,2,22,49,57,20,64,30,68,36,35,24,11,34,26,38,60,8,19,53,43,6,65,55,69,74,58,23,62,59,4,16,29,70,52,56,28,37,77,44,5,39,14,45,40,15,31,13,67,75]
571 [1,1,1,1,1,1,1,1,1,1]
572 [2,15,8,20,3,5,7,10,32,19,14,11,12,25,17,24,16,22,21,30,13,9,28,1,29,31,4,23,26,27,18,6]
573 [21,18,8,14,20,4,22,9,15,13,23,7,19,1,12,5,17,16,3,24,2,6,10,11]
574 [3,5,1,1,6,4]
575 [87,26,70,69,66,61,86,63,36,76,87,24,16,1,20,87,87,87,87,38,87,87,42,13,29,12,85,1,1,28,68,87,15,87,79,25,80,41,8,87,87,19,11,73,52,14,40,87,50,35,75,44,87,87,74,60,23,21,87,87,51,9,58,47,87,87,53,81,27,31,59,87,34,87,45,87,83,22,17,65,33,18,87,62,57,87,87,77,46,87,87,84,48,87,87,1,49,64,30,7,10,39,67,87,6,54,32,37,82,43,55,78,71,87,87,87,1,56,72]
576 [25,5,3,25,11,8,4,23,10,9,13,20,19,25,21,24,25,25,14,18,25,22,6,17,25,2,7,1,25,25,16,12,15]
577 [8,34,26,20,16,3,15,10,18,27,30,2,24,35,19,7,17,22,35,25,14,13,21,23,29,35,9,6,12,28,1,33,31,5,11,4,32]
578 [1,9,2,17,20,23,10,22,27,3,27,27,11,27,27,5,21,19,27,6,15,8,27,26,27,13,4,12,25,7,24,18,14,16]
579 [1,2]
580 [33,14,11,29,32,23,19,10,21,16,13,12,9,18,5,28,6,15,22,3,17,1,27,8,4,25,20,26,7,30,24,31,2]
581 [14,23,19,13,12,22,7,3,20,10,1,5,9,6,27,26,4,28,17,2,16,25,15,18,8,11,24,21]
582 [26,12,22,11,25,28,2,10,8,7,17,14,9,24,20,23,5,1,6,36,19,27,13,30,29,32,18,35,33,15,3,34,16,4,21,31]
583 [30,8,3,1,30,6,17,19,4,30,10,30,29,30,15,30,23,11,20,30,12,9,30,30,26,30,28,25,27,30,30,14,18,30,2,5,30,22,7,21,16,24,30,30,13,30]
584 [14,20,29,8,36,21,55,2,5,13,40,3,6,53,38,47,12,26,37,7,16,50,18,31,33,27,10,4,51,1,41,17,22,15,25,42,44,52,23,46,39,34,9,28,43,32,24,49,35,19,11,45,30,54,48]
585 [51,118,23,27,62,86,88,137,56,90,108,54,109,2,131,91,71,140,19,65,49,74,9,152,125,24,150,82,143,13,87,11,8,59,107,50,45,155,41,58,126,130,20,99,111,43,147,89,121,97,76,96,67,34,106,10,145,12,48,124,154,119,138,38,73,120,26,32,44,129,139,42,77,83,136,127,40,151,113,4,79,153,114,69,141,14,105,75,128,16,37,18,3,17,57,116,31,25,70,28,39,66,64,94,122,95,133,68,36,47,100,144,35,132,142,112,1,29,102,53,80,101,148,81,92,72,117,21,15,93,134,22,6,115,85,55,61,123,149,7,33,52,78,110,135,5,104,46,103,30,63,60,98,146,84]
586 [6,20,11,16,5,18,7,29,15,10,28,24,22,9,13,2,25,26,12,4,23,1,3,27,31,14,19,21,8,30,17]
587 [3,11,11,4,10,9,11,11,5,11,11,11,11,11,2,7,11,11,1,11,11,6,11,11,8,11,11,11,11,11,11,11]
588 [6,10,38,55,55,42,34,55,1,7,21,17,26,1,23,53,55,5,55,19,32,55,28,48,20,55,54,40,55,15,31,55,45,41,55,18,4,24,55,22,11,55,13,52,46,9,51,3,33,55,37,39,55,14,30,35,55,25,12,55,27,55,36,43,16,44,55,29,55,50,47,55,49,8,55]
589 [10,12,11,7,13,3,8,6,5,9,4,2,1]
590 [1,6,1,6,4,1,5]
591 [14,58,96,61,168,119,47,156,84,140,130,75,20,107,62,151,105,120,190,89,52,150,63,169,125,171,92,70,53,148,165,80,162,6,139,124,50,48,43,183,166,40,95,157,134,117,160,28,149,191,110,97,137,94,1,9,174,153,17,13,173,146,18,177,131,32,189,76,154,141,103,167,123,158,7,121,98,116,36,45,126,71,113,108,180,55,132,35,99,29,133,155,44,10,51,187,106,8,102,163,65,136,114,31,56,87,88,33,25,164,175,39,188,82,79,128,115,3,144,4,184,147,170,85,91,77,60,101,49,54,152,161,46,5,138,69,34,24,66,23,176,143,135,109,142,2,57,59,73,83,37,90,22,186,179,64,145,86,42,11,181,122,72,104,21,16,27,74,185,26,159,67,78,81,68,118,15,30,127,38,41,178,182,93,19,129,12,112,172,111,100]
592 [8,4,1,9,10,7,10,3,5,6,1]
593 [13,21,27,8,31,11,7,28,6,18,10,20,30,19,25,3,24,2,23,9,17,29,12,22,32,5,4,14,15,26,1,16]
594 [20,1,18,22,41,11,40,34,12,7,26,9,5,29,42,4,2,36,17,8,10,25,24,27,43,6,13,38,35,44,3,14,32,16,39,33,28,31,37,21,19,30,23,15]
595 [4,6,5,2,3,1]
596 [5,11,2,9,6,7,12,8,3,10,4,1]
597 [4,5,6,2,1,7,3]
598 [3,2,15,8,12,5,1,14,10,7,19,13,11,17,18,9,6,16,4]
599 [65,46,52,89,112,97,2,96,25,84,45,32,117,86,3,104,31,17,35,106,85,27,74,21,99,102,58,103,36,30,16,82,64,59,49,91,47,110,113,7,81,118,83,11,12,88,55,107,1,40,71,48,108,5,75,34,39,8,33,38,63,37,14,57,18,98,67,22,73,53,44,41,9,20,100,68,42,56,19,101,116,43,109,93,114,72,77,76,78,87,92,24,62,105,54,4,90,115,29,6,13,60,69,26,79,23,10,61,66,80,51,111,94,28,95,15,50,70]
600 [68,68,51,61,68,59,21,68,38,16,49,60,1,25,9,1,64,34,46,58,12,68,68,29,17,50,68,22,47,36,39,62,68,68,13,19,15,54,68,1,68,68,45,43,68,68,68,1,42,68,31,68,67,68,44,7,53,68,68,68,68,68,28,68,32,68,33,11,55,41,6,68,1,68,37,68,68,10,65,66,14,63,68,20,26,57,23,24,48,40,8,35,52,30,56,27,18]
601 [5,12,7,28,15,8,20,6,13,23,2,17,18,31,21,19,4,24,10,9,27,14,1,32,29,30,25,33,26,3,11,22,16]
602 [1,16,8,43,36,48,46,19,41,33,31,28,18,10,15,14,1,45,26,44,7,25,1,42,32,40,34,13,24,21,9,17,22,35,47,12,29,6,23,1,39,27,30,38,20,37,11,1]
603 [1,32,13,40,12,36,6,28,37,8,38,2,29,10,27,33,26,35,9,24,41,16,15,23,30,17,5,11,34,14,19,4,25,20,22,42,31,7,18,3,39,21]
604 [2,1,18,4,28,21,24,25,9,7,12,27,6,15,13,11,3,20,8,23,10,19,22,26,14,16,17,5]
605 [5,6,4,3,1,2]
606 [24,7,17,62,1,66,4,12,70,39,31,50,2,72,51,35,32,14,52,74,44,26,61,10,37,20,86,88,40,59,3,80,78,13,6,36,87,38,33,48,30,8,63,82,15,53,67,34,11,22,77,65,16,47,75,57,25,56,68,27,29,19,54,18,49,23,43,45,28,71,58,55,69,60,79,85,81,83,76,42,9,21,46,84,64,5,41,73]
607 [8,2,3,7,10,6,5,12,4,1,11,9]
608 [82,84,51,54,50,21,47,39,8,70,69,23,2,25,57,89,87,3,14,16,61,66,35,17,29,60,9,90,46,68,59,83,10,49,63,38,52,45,65,36,40,64,79,78,76,77,44,41,85,71,74,11,6,24,31,20,86,30,7,75,42,81,18,19,28,5,26,88,13,72,12,27,67,1,58,73,32,4,37,15,48,43,22,55,56,53,62,33,80,34]
609 [7,5,2,6,1,4,3]
610 [1,2]
611 [2,1]
612 [47,11,29,72,37,25,65,79,8,28,35,32,19,26,27,77,43,67,49,50,46,33,39,64,41,6,48,71,21,20,55,9,2,38,66,60,78,56,58,69,5,68,17,53,40,59,23,31,54,42,10,70,74,3,34,24,45,63,73,75,18,51,61,15,22,36,57,7,12,4,1,44,13,14,16,30,76,62,52]
613 [20,5,14,21,23,24,3,1,16,11,17,4,18,10,6,8,25,26,13,22,15,12,2,19,7,9]
614 [61,55,84,52,23,12,16,24,56,31,45,75,50,64,22,9,82,71,79,19,37,17,48,30,28,57,18,34,2,29,38,70,10,43,33,59,6,69,66,68,3,67,83,62,13,80,20,1,25,7,14,81,73,58,76,51,49,78,53,60,40,41,36,39,35,74,77,32,8,65,5,15,11,63,26,4,21,54,46,44,72,47,27,42]
615 [89,147,140,123,2,38,113,8,131,23,6,138,120,99,75,118,25,29,97,141,55,66,51,10,48,1,117,149,20,67,56,104,30,31,122,80,71,134,14,43,87,98,11,125,103,102,105,112,86,74,152,119,60,83,22,35,101,19,128,126,62,63,16,61,44,53,18,79,145,130,144,116,81,59,107,46,127,54,111,114,146,24,139,36,100,64,13,95,108,15,52,137,4,40,106,132,78,96,121,17,133,88,33,85,70,42,32,45,109,93,26,77,142,135,151,136,143,50,129,124,57,72,115,3,68,148,37,110,82,65,150,94,34,28,27,7,47,73,91,39,49,84,76,12,41,21,90,58,92,69,9,5]
616 [5,21,16,14,20,2,1,22,15,26,4,26,3,19,24,13,11,23,7,17,12,8,10,25,9,26,6,18]
617 [8,3,5,7,2,4,1,9,10,6]
618 [1,2]
619 [8,1,7,5,3,2,4,6]
620 [47,77,65,93,96,91,3,113,27,82,110,12,52,69,95,2,87,103,64,25,104,16,22,4,20,60,1,35,26,74,106,101,30,24,8,76,109,112,111,92,67,7,63,17,71,43,15,53,79,13,59,46,19,58,38,94,51,85,40,5,75,81,33,14,9,97,90,80,42,68,108,18,55,62,29,50,107,49,10,44,11,56,100,98,57,39,84,61,32,83,45,88,66,41,37,48,6,102,21,28,31,73,78,34,72,99,36,89,23,54,70,105,86]
621 [8,4,9,6,3,7,10,2,1,11,5]
622 [18,11,17,23,22,2,36,28,34,7,16,27,13,1,35,6,37,25,31,9,21,12,42,26,10,29,4,41,20,14,24,39,5,15,8,3,32,40,30,19,38,33]
623 [5,2,10,4,11,1,7,6,9,3,8]
624 [16,34,34,34,34,34,34,34,34,34,1,34,34,34,24,34,31,34,34,34,14,29,34,9,34,34,10,34,34,34,34,34,34,34,34,34,13,34,34,34,1,34,34,34,21,34,23,34,30,34,34,34,34,34,34,25,18,33,34,34,34,34,22,34,20,34,34,34,34,34,34,34,34,34,4,1,34,17,34,34,26,5,12,7,27,34,28,15,32,34,8,34,34,6,34,34,34,19,11,34,34,34,34,34,34,34]
625 [1,3,2]
626 [1,63,22,38,61,6,26,20,36,7,65,16,19,37,15,43,25,8,11,42,56,41,18,9,51,28,23,50,35,49,34,12,57,29,44,48,47,54,60,52,2,59,55,17,58,3,14,64,5,46,39,40,30,13,21,24,53,31,10,32,33,45,27,62,4]
627 [11,13,13,13,5,13,10,9,13,13,13,13,3,4,2,1,13,7,13,12,6,8]
628 [33,32,20,33,10,9,14,33,33,33,33,17,33,26,33,18,33,25,6,33,33,21,4,13,33,5,15,24,33,16,33,19,7,33,28,33,29,11,30,22,23,1,31,12,2,27,33,33,8,33,33,33,3]
629 [48,19,65,16,54,40,1,65,34,57,14,17,65,36,42,27,53,47,38,52,28,18,51,45,31,1,15,56,61,21,1,1,29,63,13,46,1,49,50,58,1,64,65,1,1,65,32,55,37,1,1,33,1,22,43,25,62,35,41,20,65,44,39,60,26,65,65,24,30,12,23,59]
630 [14,7,9,22,6,2,11,3,10,16,8,1,21,5,18,17,13,20,12,19,4,15]
631 [11,1,4,6,7,2,13,5,14,12,8,9,10,3]
632 [14,6,27,4,1,24,13,20,12,15,25,10,16,8,28,21,5,7,2,17,22,23,9,11,26,3,18,19]
633 [64,64,1,25,22,64,23,24,43,35,64,34,33,56,17,16,15,63,31,55,45,64,64,30,46,64,60,64,64,1,28,36,27,42,19,41,1,64,64,1,62,40,32,13,64,64,29,18,1,14,26,57,49,64,61,1,44,21,58,64,47,64,51,64,64,1,1,50,64,64,39,52,1,59,38,54,37,53,64,20,64,48,64,1,64,1,1]
634 [5,1,4,6,9,7,2,10,8,3,11]
635 [2,4,4,4,4,4,4,4,4,1,3,4,4]
636 [6,17,20,15,3,14,4,10,5,19,12,18,9,16,7,2,1,13,8,11]
637 [4,3,6,1,5,2,7,8]
638 [47,36,18,14,65,55,17,4,21,59,13,33,10,51,60,1,57,27,40,23,43,63,6,38,7,46,52,22,5,37,62,54,50,45,28,3,25,44,58,56,24,12,48,31,15,41,34,29,11,20,30,19,16,26,39,35,2,53,8,32,49,66,64,9,61,42]
639 [1,2]
640 [4,1,7,5,6,2,3]
641 [11,9,14,10,7,5,1,14,4,8,6,2,12,13,3]
642 [14,46,13,17,16,45,10,4,41,6,3,1,34,12,30,39,31,40,32,8,18,19,28,2,29,33,24,44,11,35,9,5,47,26,15,49,42,21,36,38,23,22,25,43,20,7,37,27,48,50]
643 [2,3,3,1]
644 [1,2]
645 [2,1]
646 [14,11,7,8,4,15,19,13,10,17,2,6,16,23,1,22,12,5,3,18,20,9,21]
647 [1,8,1,7,1,9,9,1,6,1]
648 [34,33,110,72,52,69,80,47,102,1,30,115,96,93,77,117,11,62,122,120,46,107,87,91,56,4,75,85,53,83,20,61,8,64,42,19,21,99,10,74,60,113,116,27,40,106,48,109,17,7,14,32,43,24,104,97,45,15,51,67,98,39,35,119,55,59,88,105,82,37,26,57,78,58,18,5,81,108,114,84,3,28,36,103,22,89,121,118,71,111,38,16,65,50,68,112,76,95,23,25,41,44,101,66,2,73,6,13,86,63,92,70,31,54,12,29,90,9,94,49,100,79]
649 [9,14,12,4,5,11,8,6,1,10,3,2,13,7]
650 [2,12,7,13,5,1,8,11,10,9,3,4,6]
651 [11,7,11,9,10,3,5,11,11,1,11,11,8,4,6,2]
652 [1,9,8,16,6,2,5,7,13,15,10,3,12,11,14,4]
653 [2,1]
654 [48,14,80,66,64,69,98,28,8,78,18,5,36,88,70,6,34,12,16,15,90,21,22,44,93,38,73,55,56,94,58,26,42,75,4,45,40,102,52,97,47,10,60,1,43,41,17,7,86,67,62,77,82,68,31,46,76,103,79,81,57,29,11,87,63,30,84,92,2,71,25,65,23,35,19,74,85,3,61,59,37,24,50,51,49,96,54,95,33,53,13,9,20,104,100,91,83,39,99,89,72,101,32,27]
655 [35,35,11,35,35,33,35,35,35,35,30,17,1,35,35,35,35,35,35,35,6,32,35,35,35,35,34,35,35,35,35,35,35,35,35,35,21,35,35,35,35,15,13,35,35,35,35,35,35,1,35,35,35,35,27,35,20,35,35,35,23,10,35,35,35,4,5,35,25,35,35,29,35,7,35,35,35,35,16,35,8,35,35,31,35,35,3,26,35,35,35,22,35,35,35,35,35,35,35,35,35,12,9,35,19,35,28,24,35,35,35,35,35,35,35,35,35,18,35,35,35,35,14,35,35,35,35]
656 [9,2,24,27,26,14,8,23,20,6,19,13,22,10,21,7,16,12,1,18,3,11,17,25,5,4,15]
657 [5,3,7,2,4,1,6]
658 [48,51,47,1,50,36,19,9,58,25,1,26,39,46,44,16,14,23,41,24,17,43,27,18,56,49,42,38,35,37,33,32,59,53,1,11,28,21,34,29,22,45,20,30,60,8,40,12,1,1,1,15,13,57,31,1,52,55,54,10]
659 [8,37,56,31,23,48,34,38,39,25,22,43,20,18,9,27,33,42,26,46,11,3,15,16,17,40,29,41,14,45,53,28,7,21,12,55,30,2,5,4,50,44,52,13,19,10,32,24,51,47,36,54,6,49,1,35]
660 [5,11,26,16,3,1,22,4,12,6,19,25,8,2,21,15,10,17,7,20,9,14,18,23,24,13]
661 [8,20,49,38,53,33,15,55,46,36,55,55,30,51,10,55,55,5,34,55,43,55,55,41,11,55,40,55,19,55,42,17,12,13,29,25,52,22,54,55,55,3,32,7,55,37,47,4,55,39,9,28,35,21,55,31,1,44,2,45,16,55,50,6,55,55,48,55,23,27,14,26,18,24]
662 [6,10,2,7,5,8,4,9,1,3]
663 [9,10,8,4,7,16,17,6,11,2,12,13,5,14,1,15,3]
664 [4,2,8,1,7,6,3,8,8,5]
665 [1,92,47,38,92,46,73,82,31,3,45,37,77,67,89,91,80,71,24,92,19,44,83,79,60,92,34,69,25,59,26,90,87,14,92,92,33,43,23,66,72,62,56,20,6,54,70,58,81,35,29,78,42,2,74,39,52,18,86,40,8,88,21,48,13,7,92,9,65,17,51,92,85,50,61,76,30,53,55,32,28,16,57,84,41,64,92,15,5,49,4,10,12,75,92,11,22,63,27,36,68]
666 [16,2,72,108,93,79,38,25,111,52,81,61,66,63,18,53,104,43,5,29,33,24,54,107,10,76,83,35,6,45,14,57,31,19,4,87,64,85,7,84,82,47,48,94,34,55,37,13,21,8,32,62,23,17,75,67,27,73,88,99,46,12,58,1,70,22,3,15,106,98,68,71,51,69,49,28,97,100,59,11,42,30,89,65,39,90,60,44,56,20,40,91,9,95,110,41,105,96,26,80,101,103,109,102,74,77,36,86,92,50,78]
667 [12,41,43,47,11,42,57,30,32,10,20,39,13,40,18,48,54,22,58,25,6,27,1,3,45,38,50,15,33,36,29,37,28,24,23,9,44,4,8,14,5,16,35,59,56,52,26,17,34,55,2,31,21,53,7,19,51,46,49]
668 [1,6,6,4,2,5,3]
669 [3,12,9,10,4,5,8,2,6,1,7,11]
670 [13,15,16,61,27,67,44,21,68,5,48,25,41,45,58,7,43,60,28,14,3,19,51,46,70,69,62,32,65,22,24,57,37,30,4,66,53,17,36,42,47,6,23,8,35,63,31,1,11,18,39,26,38,64,10,29,54,56,50,52,2,49,12,40,34,59,9,33,55,20]
671 [9,25,31,26,28,33,22,10,15,5,18,3,4,30,21,12,14,24,11,17,32,1,27,29,7,8,2,23,13,19,16,6,20]
672 [11,9,6,12,5,1,7,3,4,2,8,12,10,12]
673 [14,9,12,5,2,10,11,4,8,7,13,3,6,1]
674 [14,11,15,15,8,12,2,10,3,13,5,4,15,9,6,1,7,15]
675 [15,3,10,7,15,14,8,1,15,9,15,11,12,6,1,4,5,13,15]
676 [1,1,1,1,1,1,1,1,1,1,1,1,1,1,1,1,59,59,1,59,1,1,1,59,1,53,59,1,1,59,1,1,1,59,1,54,55,58,59,1,1,1,59,1,57,1,59,1,1,1,1,1,1,59,1,56,1,1,59,1,1,1,59,1,1,1,1,59,1,59,1,1,59,1]
677 [4,19,5,2,7,10,3,8,16,13,9,17,11,15,12,18,14,20,6,1]
678 [1,7,6,3,4,2,5]
679 [24,11,9,2,28,16,32,57,59,45,36,46,34,14,53,8,12,44,42,23,15,18,30,52,33,1,37,49,58,55,20,60,54,31,47,38,10,5,4,40,3,29,26,39,56,17,7,6,51,19,50,22,43,13,25,41,48,21,35,27]
680 [14,9,7,13,1,4,10,2,11,5,3,12,8,6]
681 [13,5,15,14,7,2,16,8,3,4,10,6,12,11,9,1]
682 [15,9,16,4,7,8,5,3,14,11,6,10,17,13,2,1,12]
683 [121,22,45,61,1,126,71,91,30,69,42,1,29,25,75,123,106,80,62,55,1,85,28,111,74,1,1,46,65,47,110,92,1,43,1,115,37,86,52,126,101,87,112,76,60,58,89,126,97,95,21,33,23,1,31,1,1,90,94,1,1,81,77,64,32,84,107,54,122,1,67,1,34,48,1,120,38,99,88,27,116,78,109,108,63,24,79,96,36,1,73,124,49,126,40,125,59,51,105,117,39,126,114,57,118,53,100,1,68,56,98,126,44,72,1,1,41,1,66,83,126,70,35,113,26,104,119,50,93,126,103,102,82]
684 [42,30,55,41,8,58,12,36,34,58,58,1,17,27,1,11,32,40,58,54,45,48,10,24,50,37,23,7,46,58,44,14,53,58,9,47,58,35,1,22,58,33,20,18,39,29,5,15,43,25,56,49,57,21,28,16,38,26,58,51,58,31,58,13,19,52,6,4]
685 [2,7,9,12,5,14,3,15,11,6,18,1,19,13,4,10,16,17,8]
686 [20,17,12,19,16,1,7,18,14,15,9,2,3,5,13,4,10,11,8,6]
687 [4,1,3,11,6,10,9,2,8,5,7]
688 [41,30,20,49,29,7,59,22,52,27,36,34,16,1,48,5,12,45,56,43,33,2,24,35,14,28,57,23,39,51,32,54,18,25,19,44,21,31,9,6,50,4,17,8,10,15,53,26,38,42,46,3,13,60,55,47,11,37,58,40]
689 [32,27,36,4,3,29,12,14,19,16,15,34,10,7,28,31,17,26,5,6,1,24,18,9,8,13,11,22,33,30,23,25,20,2,21,35]
690 [40,33,43,62,62,4,20,62,44,62,52,28,62,45,2,14,57,32,62,19,55,1,41,62,37,62,29,38,25,13,46,34,35,60,62,6,8,62,62,56,24,50,27,62,58,62,36,48,7,42,31,15,12,3,21,47,23,11,54,26,9,62,53,39,62,16,30,61,17,62,62,51,49,18,62,22,10,59,5]
691 [25,48,57,75,20,36,40,39,62,16,75,61,1,18,58,35,53,29,19,42,1,1,68,71,43,1,1,24,34,44,66,1,75,75,47,64,50,31,37,26,75,46,60,63,33,65,1,75,75,49,23,75,45,1,21,51,67,52,27,72,69,56,74,38,75,70,55,17,75,73,1,30,1,41,59,1,1,75,32,1,54,1,21,28,15]
692 [27,5,9,45,47,8,26,30,4,2,7,31,48,19,36,13,18,17,14,38,15,37,44,43,22,33,12,29,20,46,39,3,41,40,16,6,11,24,23,28,21,10,1,35,32,34,25,42]
693 [30,22,36,20,38,38,18,34,13,8,9,38,37,38,1,31,26,29,38,38,38,3,25,5,15,24,11,1,10,6,21,7,38,28,16,38,32,23,12,38,14,19,33,27,38,38,35,38,38,17,4]
694 [3,7,8,5,6,1,9,1,10,4,11]
695 [2,1,2,2,2,2,2]
696 [14,59,92,51,1,35,109,58,39,1,54,36,1,107,1,103,84,83,44,102,15,18,64,104,69,72,90,42,22,25,108,93,73,61,66,38,52,67,75,56,45,105,98,70,19,97,20,13,88,31,68,33,23,55,62,71,78,34,28,110,57,1,30,26,60,1,17,32,101,85,40,65,91,79,11,53,80,41,50,10,76,77,37,100,1,86,74,12,21,24,96,89,49,29,111,95,46,99,1,16,106,87,1,82,63,81,94,43,27,47,48]
697 [2,7,7,7,7,7,7,3,1,7,7,7,7,5,7,7,6,7,4]
698 [16,31,17,47,26,39,27,38,36,28,29,14,11,34,13,40,41,3,30,6,25,23,45,22,48,33,7,18,46,21,19,32,15,42,20,12,1,24,9,10,2,43,8,44,4,37,35,5]
699 [14,1,15,10,12,4,11,2,13,5,8,3,6,7,9]
700 [3,12,7,6,2,8,11,4,5,9,10,1]
701 [6,15,12,24,7,23,21,18,8,10,25,11,22,17,16,20,2,1,13,14,4,3,19,5,9]
702 [9,7,10,13,6,4,11,1,2,12,8,5,3]
703 [28,9,15,8,14,4,19,30,23,12,6,24,25,26,20,13,11,7,3,22,18,21,16,1,5,29,2,17,10,27]
704 [11,20,24,17,15,12,18,1,27,7,25,26,23,14,13,5,8,22,21,4,3,6,19,16,10,9,2]
705 [35,36,1,11,32,28,7,24,14,38,9,41,27,29,2,15,20,12,30,21,5,18,13,23,10,19,33,22,25,31,39,6,3,26,4,17,37,34,16,40,8]
706 [14,19,9,10,16,3,13,11,12,2,8,4,6,21,15,1,18,17,20,5,7]
707 [1,2]
708 [3,1,5,7,2,6,4]
709 [10,4,2,3,6,5,7,9,1,8]
710 [42,37,27,3,12,49,18,4,8,49,45,49,15,9,30,36,6,38,28,23,49,19,13,2,32,11,34,17,22,24,21,29,5,49,20,49,49,31,43,35,49,49,1,10,7,49,33,44,40,25,16,47,14,49,41,26,49,48,39,46]
711 [26,28,14,7,4,16,23,34,12,20,21,10,33,24,6,3,1,2,13,5,22,25,15,32,9,18,27,31,11,19,30,29,8,17]
712 [19,80,1,17,43,85,67,76,45,36,52,27,51,5,82,94,77,37,48,12,7,25,26,64,8,39,66,33,68,9,10,61,56,47,2,79,29,83,42,28,88,90,58,70,60,57,59,32,72,73,92,11,38,35,24,84,22,20,69,41,75,34,18,54,21,81,44,49,93,4,87,16,89,55,31,91,15,30,23,14,3,78,50,40,65,71,86,53,63,74,46,6,62,13]
713 [5,1,6,7,3,7,2,4]
714 [9,9,9,9,9,9,9,7,9,6,4,9,9,9,9,9,9,3,9,5,9,9,9,9,8,9,9,9,9,9,9,2,9,9,9,9,1,9,9]
715 [1,1,6,7,4,5,3]
716 [43,6,27,48,31,84,12,81,88,85,56,89,24,26,101,75,65,62,14,10,80,40,5,55,67,32,86,25,54,37,87,52,61,16,1,39,72,83,60,57,30,42,58,3,93,79,77,92,34,28,66,35,73,38,7,97,96,50,59,98,53,2,90,20,78,11,18,64,36,23,76,15,63,104,82,29,46,51,13,44,49,103,21,45,100,19,70,71,95,41,9,94,33,91,69,68,47,102,74,17,99,22,4,8]
717 [13,4,8,9,10,6,13,13,3,2,1,12,11,7,5]
718 [14,32,45,47,19,10,42,18,46,39,51,27,9,29,22,12,21,41,3,33,25,16,48,52,26,34,38,17,13,50,40,24,37,4,30,11,43,8,28,35,49,36,44,7,1,20,15,23,31,2,5,6]
719 [18,17,2,23,23,6,22,9,10,19,4,1,14,13,11,21,12,5,8,3,7,20,16,23,23,15]
720 [2,4,4,4,1,4,4,4,4,4,4,4,4,4,4,4,3]
721 [61,100,80,7,47,5,101,18,37,6,109,12,55,33,21,92,53,50,38,93,29,36,81,43,54,42,104,52,90,67,99,88,3,41,91,70,69,108,44,60,48,8,19,9,15,102,59,17,83,103,82,51,2,75,31,64,32,14,56,89,35,1,16,77,76,40,24,34,71,57,13,39,20,10,73,28,85,45,72,22,106,84,105,97,68,66,46,58,30,25,94,74,63,98,107,96,26,4,95,62,23,27,78,79,11,87,86,49,65]
722 [3,22,7,29,18,21,2,16,4,19,11,23,27,20,6,14,13,12,32,15,24,26,10,1,8,25,5,9,28,31,17,30]
723 [5,1,4,2,3]
724 [1,2]
725 [6,4,1,6,6,3,5,2]
726 [5,2,1,4,5,3,5]
727 [3,2,1,3]
728 [5,2,3,1,4,6]
729 [60,7,16,47,23,2,22,59,55,33,19,37,31,15,14,32,45,58,39,49,28,5,25,4,46,35,21,50,20,38,30,17,6,13,10,18,8,40,44,3,52,26,57,24,48,1,11,54,42,36,12,51,56,29,41,9,43,27,34,53]
730 [39,36,87,13,70,14,20,18,56,60,24,9,22,77,59,11,64,96,2,5,44,41,78,23,97,95,57,21,19,69,55,16,27,67,73,40,45,68,72,82,7,63,79,48,98,43,30,80,49,90,25,88,91,84,65,85,17,58,15,50,52,53,3,83,66,86,71,74,93,28,8,31,4,94,6,10,89,33,38,75,81,61,1,26,51,46,37,29,76,34,42,32,62,47,92,35,12,54]
731 [7,19,27,11,31,17,5,10,1,9,30,26,22,23,24,20,8,21,18,13,16,29,15,33,28,14,12,32,3,4,2,6,25]
732 [13,20,10,12,16,21,26,19,18,27,3,8,4,11,14,17,23,1,2,24,22,9,5,25,15,7,6]
733 [34,94,116,21,20,2,10,15,43,9,101,143,128,38,150,136,85,23,109,3,98,70,125,1,124,108,118,27,102,17,18,53,155,112,84,147,113,148,135,90,154,52,77,74,24,86,60,29,73,95,104,106,8,13,105,142,63,54,6,127,83,140,64,145,22,76,130,12,49,115,11,91,151,30,114,132,126,41,32,59,68,157,40,123,26,158,45,89,103,81,149,87,141,129,39,137,146,138,65,16,122,71,119,35,67,33,72,100,7,44,5,47,66,134,120,14,42,92,153,69,80,99,93,31,25,37,88,97,96,133,78,51,36,4,152,117,144,48,19,28,50,111,62,131,156,46,121,139,75,55,57,110,107,58,56,82,79,61]
734 [1,1,1,1,1]
735 [1,2]
736 [8,10,15,5,13,14,4,7,6,12,9,3,2,11,1]
737 [10,4,9,8,5,1,11,1,7,6,1]
738 [4,35,57,74,9,42,74,49,28,30,56,19,1,40,22,74,71,55,74,17,37,52,32,58,41,74,26,72,61,16,68,5,65,38,62,45,43,70,23,21,48,54,74,63,20,73,74,14,29,44,50,46,39,51,6,74,74,18,12,74,74,7,74,11,36,15,10,74,8,24,13,33,59,2,60,25,66,64,27,47,31,3,67,53,34,74,69,74]
739 [9,10,6,4,3,1,5,8,2,7,11]
740 [3,1,9,4,8,7,10,6,5,2]
741 [49,49,5,49,49,49,49,49,49,1,49,49,49,40,49,49,49,49,49,49,49,49,49,49,49,46,49,49,24,49,49,49,49,37,49,49,49,42,32,49,49,49,49,49,49,21,49,49,49,49,49,41,49,49,49,49,31,49,49,49,49,49,49,49,8,49,29,49,49,6,49,49,49,49,49,49,49,27,49,49,49,49,10,49,49,36,49,49,49,49,49,49,49,49,11,16,49,49,49,47,49,49,48,49,49,49,49,49,49,49,49,49,43,49,49,49,49,49,18,49,49,12,49,49,49,22,49,7,44,49,13,49,49,49,49,49,49,49,23,49,28,26,49,49,49,15,49,49,49,49,34,49,49,49,49,49,49,49,49,49,49,49,49,49,1,49,49,49,49,49,49,49,49,49,49,49,35,49,49,49,49,49,49,39,30,49,49,49,49,4,49,49,49,49,49,49,45,49,49,19,49,49,49,49,49,49,38,20,49,49,49,17,49,49,25,49,49,14,49,49,49,49,49,49,49,33,9,49,49,1,49]
742 [17,12,18,14,3,10,4,19,9,11,1,15,5,13,7,8,16,21,6,2,20]
743 [32,115,165,132,186,126,141,84,168,67,114,158,170,99,171,10,69,68,11,9,5,54,63,38,79,6,28,179,128,127,31,51,119,17,89,113,98,145,78,70,143,147,66,172,8,24,131,58,23,36,71,155,151,2,153,7,45,95,161,81,41,167,103,150,181,140,33,175,75,64,108,21,134,177,20,30,135,110,104,117,82,46,74,149,57,130,100,90,123,39,91,14,56,156,121,105,136,146,12,109,124,92,49,173,59,163,52,183,148,47,142,94,169,139,118,85,18,133,93,26,61,13,62,55,4,116,97,112,1,185,77,83,22,166,15,65,152,101,180,50,80,154,16,187,76,60,144,107,86,42,122,137,34,174,164,48,129,3,102,43,19,162,159,178,87,40,157,35,88,106,37,27,184,29,160,96,120,125,188,182,44,72,73,53,138,176,25,111]
744 [5,4,8,2,7,6,1,3]
745 [13,14,15,3,9,8,5,6,10,18,4,2,20,11,7,12,19,1,17,16]
746 [8,72,54,83,6,94,50,12,9,61,23,20,51,85,29,52,7,93,60,5,91,25,39,67,90,24,75,13,11,71,14,27,56,84,42,57,88,48,77,40,32,3,1,79,36,49,16,33,68,15,76,63,43,38,21,81,53,4,37,18,35,70,46,74,64,2,58,73,69,82,92,86,78,17,55,89,62,59,34,10,26,87,45,66,30,47,80,28,44,41,19,95,22,31,65]
747 [28,1,55,54,36,31,41,13,22,3,23,6,17,29,50,53,26,27,58,15,51,16,21,19,24,2,10,8,18,52,42,57,4,38,37,35,56,5,14,59,9,34,30,11,47,33,45,43,44,20,25,46,48,39,32,40,7,12,49]
748 [1,7,6,4,3,2,5]
749 [24,10,5,23,1,15,20,2,3,8,14,7,25,19,26,18,17,4,11,16,9,21,22,12,6,13]
750 [3,35,5,17,1,32,19,8,18,24,26,7,27,9,10,20,31,6,22,29,33,28,15,21,2,11,14,13,25,23,12,16,30,4,34]
751 [13,9,4,5,14,12,10,7,11,1,8,6,3,2]
752 [17,2,4,6,9,10,7,1,12,15,5,3,14,13,17,17,16,11,8,17]
753 [6,10,13,4,7,16,12,14,16,3,2,16,8,15,9,1,11,5]
754 [32,10,28,46,24,44,1,27,54,20,1,34,5,43,30,59,55,58,40,12,39,26,11,4,47,9,41,15,57,37,8,53,33,25,50,21,52,31,3,45,38,56,14,13,60,51,29,35,18,23,42,48,6,16,17,22,36,7,49,19]
755 [44,63,13,15,16,50,31,66,14,29,8,30,25,54,20,32,49,2,55,41,42,68,56,40,45,21,65,12,47,48,6,7,23,60,18,9,24,28,51,61,34,67,22,27,39,53,64,26,19,57,46,62,5,4,36,11,3,33,52,43,59,58,69,1,35,10,38,17,37]
756 [7,17,22,15,21,18,9,6,23,16,1,1,1,25,19,8,4,12,14,26,11,13,26,24,20,5,10]
757 [2,1]
758 [2,1]
759 [13,14,26,3,32,29,31,28,2,17,15,25,10,12,5,24,4,21,7,1,27,30,8,20,6,9,23,11,19,18,22,16]
760 [17,3,15,22,29,23,13,27,26,12,1,8,18,16,7,28,24,25,9,2,5,11,4,14,6,10,21,20,19]
761 [1,3,5,4,2]
762 [6,2,5,1,3,4,7]
763 [3,2,4,1,4]
764 [7,13,9,8,12,13,4,11,10,5,2,1,6,3]
765 [9,11,6,2,4,1,8,10,3,7,5]
766 [5,7,8,6,9,1,2,10,4,3]
767 [6,19,30,22,1,12,28,37,7,46,51,33,17,10,2,3,35,15,44,24,54,4,38,27,41,13,16,49,23,50,34,39,47,11,45,9,21,36,29,48,43,40,20,55,25,5,31,53,52,8,32,56,26,14,42,18]
768 [5,2,7,8,4,3,11,6,9,1,10,12]
769 [2,1]
770 [18,4,9,10,19,6,16,17,14,12,15,11,2,7,20,3,5,1,13,8]
771 [9,15,6,11,8,3,1,10,5,7,4,18,17,16,14,19,13,2,12]
772 [4,3,1,2]
773 [5,1,10,11,15,14,13,1,15,9,12,5,15,1,1,15,15,5,5]
774 [3,2,7,1,5,6,4]
775 [12,26,10,79,2,86,16,34,45,37,44,22,28,73,47,13,39,29,1,66,9,64,48,58,18,46,81,80,52,69,49,20,85,36,31,83,3,11,33,70,59,50,8,84,35,77,72,6,60,74,65,57,24,14,75,30,87,78,71,23,88,68,38,63,21,54,42,55,27,4,15,17,32,67,53,19,56,82,51,7,76,62,5,41,25,40,61,43]
776 [33,37,29,63,7,21,17,22,58,49,20,8,53,42,19,64,30,13,44,61,14,2,3,45,9,50,52,16,54,56,65,6,60,23,18,43,10,15,39,51,46,38,26,24,62,25,1,40,48,34,32,35,57,59,27,12,41,5,55,31,47,36,28,4,11]
777 [4,2,8,10,14,14,6,5,14,9,12,1,14,7,14,14,3,11,14,14,13,14]
778 [20,18,13,30,27,25,32,5,16,24,34,1,4,17,22,35,11,15,19,2,3,14,23,29,33,9,10,21,8,31,26,12,7,28,6]
779 [26,15,13,10,7,25,6,20,5,4,24,27,9,14,21,11,18,3,22,16,17,1,2,19,12,8,28,23]
780 [3,1,4,2]
781 [2,1]
782 [10,13,2,6,1,11,16,9,3,12,15,14,17,7,18,5,8,4]
783 [12,8,18,19,4,5,1,11,7,10,16,6,17,14,15,13,9,2,3]
784 [49,1,55,59,23,37,19,22,34,59,18,13,9,46,59,32,59,25,31,43,10,24,53,1,27,59,56,59,14,33,59,51,36,47,16,1,58,59,29,57,35,59,59,38,12,59,54,45,59,26,59,1,48,59,41,17,11,8,21,30,28,59,59,59,40,59,20,59,42,52,59,1,44,50,59,1,59,59,59,15,59,1,59,39]
785 [49,34,35,3,43,32,28,1,33,23,36,26,18,15,8,17,14,5,11,38,13,47,48,51,37,45,6,30,22,12,40,24,21,7,29,9,50,16,25,27,2,41,31,19,44,39,10,4,46,20,42]
786 [50,4,42,8,18,48,51,2,13,11,39,21,24,12,33,37,6,35,7,44,15,30,41,22,17,16,49,10,36,38,31,28,19,14,29,27,3,40,23,20,1,9,26,47,45,34,25,43,5,46,32]
787 [21,4,8,2,20,11,25,30,23,18,29,10,27,31,9,1,19,15,14,12,6,28,16,17,3,24,26,7,5,13,22]
788 [1,1]
789 [18,24,1,9,23,13,8,14,3,26,2,16,4,11,7,5,22,6,12,19,21,17,25,20,10,15]
790 [53,8,34,35,6,52,3,10,13,43,48,51,22,46,7,16,58,21,57,14,40,55,50,24,4,9,17,1,38,31,20,26,56,41,29,45,30,28,36,15,27,44,19,37,42,23,33,18,5,39,2,32,47,49,12,25,11,54]
791 [4,2,3,5,1]
792 [115,108,60,68,1,13,112,36,49,14,35,117,32,34,86,63,1,1,101,79,97,24,105,111,45,67,84,19,88,31,59,94,118,22,80,41,55,100,20,75,10,27,29,70,62,103,90,53,56,46,85,89,87,92,21,78,110,42,9,7,93,17,8,106,26,116,33,47,61,69,15,37,11,54,38,51,107,25,74,50,76,98,72,99,12,113,77,82,83,6,43,109,23,58,1,16,40,64,114,1,71,81,44,102,118,48,28,91,30,104,65,57,39,95,66,52,96,18,73]
793 [50,23,32,1,15,38,33,30,14,12,41,8,24,53,29,16,25,44,20,27,4,47,49,46,21,51,39,35,28,17,11,36,18,48,19,42,31,6,1,22,37,26,10,45,3,43,7,40,52,5,34,9,13]
794 [17,13,69,66,10,43,51,34,42,36,59,46,45,30,64,77,57,24,68,7,28,40,19,48,62,73,54,53,11,9,74,22,41,12,61,44,71,47,2,4,67,3,65,38,1,60,75,37,6,26,18,16,50,15,76,31,14,39,70,5,27,49,55,58,20,25,52,8,29,63,56,33,23,72,35,21,32]
795 [6,24,25,8,20,9,17,23,27,7,15,26,10,13,5,4,1,22,11,21,2,12,19,16,18,3,14]
796 [9,23,30,26,7,33,3,18,16,13,1,32,20,21,27,6,22,12,28,36,11,19,5,4,25,31,10,37,15,34,17,8,14,24,29,2,35]
797 [1,1,1,1,14,1,14,1,11,13,1,1,12,14,1,14,1]
798 [3,6,8,2,1,5,9,7,4]
799 [9,15,11,8,7,12,4,5,13,6,14,10,2,3,16,1]
800 [5,3,1,12,4,6,2,9,11,14,13,16,8,7,15,10]
801 [27,16,10,37,31,25,8,17,32,26,23,37,19,1,22,12,37,1,29,1,20,33,18,35,34,15,21,37,13,6,7,24,37,37,28,1,36,11,14,30,9,1]
802 [15,42,51,50,27,62,58,56,26,6,43,59,54,45,12,44,37,16,9,4,34,46,40,22,25,7,35,57,33,21,47,39,8,13,52,31,41,19,55,28,11,61,60,2,30,17,10,36,29,49,32,38,14,24,23,20,5,3,18,1,48,53]
803 [3,12,10,4,7,13,16,1,14,5,6,2,11,18,15,9,17,19,8,20]
804 [2,1]
805 [3,8,19,1,5,16,14,23,29,13,30,25,18,24,9,27,28,22,4,21,15,10,2,17,11,6,7,20,12,26]
806 [24,17,11,4,14,5,12,15,1,16,25,6,18,9,21,8,22,10,19,3,23,13,7,2,20]
807 [62,88,61,5,31,114,52,65,18,50,84,113,20,103,110,29,1,82,16,48,42,79,92,70,13,17,77,8,64,111,73,35,45,27,3,55,37,25,47,11,59,95,72,105,28,24,83,43,36,89,80,90,71,74,19,87,108,49,99,7,56,30,67,107,23,38,93,94,40,10,46,2,22,96,75,51,12,32,85,15,9,58,4,98,78,60,57,34,21,86,6,106,97,69,41,63,39,53,14,102,91,109,104,112,100,101,76,54,33,26,66,68,44,81]
808 [2,2,2,2,2,1,2,2,2,2,2,2,2,2,2,2,2]
809 [2,1,7,10,17,9,13,14,16,15,19,8,5,12,11,6,3,4,18,20]
810 [56,76,67,83,69,46,71,74,7,1,38,29,41,57,18,43,32,82,16,85,35,33,65,59,89,45,23,10,72,61,60,63,88,2,54,80,34,73,4,64,55,17,49,44,78,58,22,21,51,31,50,87,79,48,37,19,25,28,12,36,77,3,75,20,8,30,27,70,40,86,42,62,39,66,90,68,14,26,11,6,53,9,5,24,47,13,52,81,84,15]
811 [5,17,2,14,15,3,13,6,4,11,7,22,20,12,18,23,1,19,21,9,16,10,8]
812 [10,16,21,17,32,42,14,43,23,2,24,35,12,31,25,22,18,37,11,39,20,3,44,29,33,9,13,28,27,30,19,36,6,38,40,26,34,41,1,8,5,4,7,15]
813 [22,4,1,15,9,5,18,8,21,23,13,19,3,11,2,7,12,6,14,24,20,16,17,10]
814 [20,7,81,40,9,59,81,36,70,26,11,2,3,81,51,1,81,65,78,67,43,42,10,56,25,17,45,16,77,21,81,15,33,22,6,37,60,79,66,57,19,27,55,38,50,81,14,73,81,18,81,8,58,52,72,31,35,4,30,74,41,46,68,81,29,76,48,69,28,81,47,62,54,63,81,12,61,80,71,34,75,81,53,49,81,5,13,39,44,24,23,32,64]
815 [4,18,10,9,1,21,6,12,13,20,3,8,19,14,5,17,16,15,11,2,7]
816 [3,27,15,13,27,12,23,27,5,10,27,20,18,27,27,7,16,27,6,17,27,25,9,14,19,27,4,11,24,27,27,1,27,27,26,22,2,8,21,27]
817 [1,2]
818 [2,8,7,5,3,6,1,4,9,9]
819 [7,15,1,13,14,10,12,3,9,4,11,8,16,6,5,2]
820 [5,8,7,1,3,13,9,6,10,12,11,1,4]
821 [23,9,6,16,22,8,27,31,7,20,24,19,5,30,11,12,26,29,3,15,13,25,17,21,18,28,31,4,1,2,10,14]
822 [3,4,15,7,11,9,13,8,10,14,5,1,12,2,6]
823 [77,82,36,33,24,75,3,20,40,76,42,5,57,21,59,51,87,89,37,12,23,6,38,34,10,62,39,22,47,13,58,14,32,55,7,79,72,43,25,29,17,8,46,84,27,53,61,73,19,2,35,11,71,64,66,74,41,67,9,81,16,78,26,31,30,69,80,18,85,28,65,50,86,54,68,48,63,70,56,4,44,45,52,88,15,83,1,49,60]
824 [15,7,6,18,5,11,12,9,18,4,3,17,2,14,1,8,13,16,10]
825 [6,63,17,18,4,5,35,63,63,42,1,25,13,45,59,63,33,62,63,63,7,37,31,24,53,38,21,14,49,27,23,22,36,51,50,12,40,63,60,32,39,52,56,20,55,63,8,46,29,41,10,43,47,61,15,9,48,28,1,63,44,16,1,57,63,34,58,11,54,26,30,19,63]
826 [28,20,12,22,24,36,43,38,42,30,29,21,9,37,10,44,23,25,32,31,16,7,19,1,41,44,44,14,18,1,13,5,27,1,39,34,1,5,15,8,17,26,11,40,44,35,33]
827 [112,61,1,85,56,108,1,18,30,36,70,41,53,1,48,1,37,49,110,54,86,1,42,73,33,77,68,75,100,66,114,104,80,45,94,69,83,1,52,81,50,72,93,62,58,76,78,90,87,103,31,60,74,99,1,1,23,97,111,109,91,21,27,1,107,18,95,55,57,47,106,65,22,82,38,79,88,26,46,24,25,29,1,40,63,92,32,20,1,71,101,28,113,51,105,44,35,115,67,34,84,102,1,1,64,1,98,1,1,39,59,96,43,1,89]
828 [16,15,8,4,21,6,10,21,21,21,5,21,13,7,17,3,21,12,20,19,18,1,21,11,14,9,21,2]
829 [66,39,97,67,21,52,28,81,44,69,63,11,32,87,29,86,12,60,1,70,76,82,93,78,31,6,80,2,13,72,14,16,85,96,91,26,65,97,10,97,90,34,64,24,5,36,74,19,84,53,61,18,38,3,17,40,71,57,47,4,55,94,8,58,20,23,46,51,97,50,42,54,77,41,37,22,97,83,45,75,88,95,15,35,62,43,56,97,73,27,97,25,48,92,79,9,97,89,59,97,97,97,7,30,49,68,33]
830 [11,17,1,10,12,4,5,13,19,16,7,15,8,14,2,18,6,3,9]
831 [13,9,11,12,4,24,14,1,15,5,24,21,16,2,24,20,8,22,24,24,17,10,7,23,3,6,24,18,19]
832 [4,1,3,4,2]
833 [3,1,4,7,9,6,5,8,2]
834 [1,4,7,3,2,6,5]
835 [17,19,52,64,23,22,7,72,21,42,5,50,11,33,28,38,70,75,15,45,46,29,48,8,16,10,27,59,77,6,26,40,76,36,30,51,63,3,2,13,66,14,35,68,47,25,61,71,20,32,41,18,74,24,69,43,34,31,37,4,54,44,62,60,67,9,57,56,49,39,55,58,12,1,53,73,65]
836 [1,2]
837 [16,1,12,6,15,11,9,4,7,1,3,14,13,8,17,10,5]
838 [26,6,11,5,25,8,27,30,23,13,1,28,20,12,18,33,34,10,24,17,14,9,31,4,3,34,7,29,34,15,21,19,16,2,22,32,34]
839 [6,4,9,7,18,1,3,12,5,17,8,13,16,19,14,15,19,10,2,11]
840 [10,18,5,22,15,1,19,6,13,11,24,3,2,21,23,20,9,17,25,8,4,7,14,16,12]
841 [4,30,30,30,22,30,1,30,30,21,30,30,20,30,30,25,3,30,13,18,28,30,30,30,30,11,30,12,29,30,24,30,30,10,30,30,30,30,30,5,30,30,30,30,30,14,27,30,30,30,30,17,6,16,30,23,7,9,15,30,30,30,30,30,30,26,30,30,1,19,8,30,30,30]
842 [5,6,4,7,3,1,2]
843 [6,10,7,5,14,17,12,2,17,13,9,17,8,11,16,15,4,17,3,1]
844 [11,30,39,21,44,36,29,1,1,43,31,37,1,13,1,22,35,28,42,40,32,19,24,20,15,45,38,17,16,10,18,34,41,1,14,27,12,26,9,1,1,1,25,33,46,23]
845 [3,23,13,7,17,5,21,24,25,15,10,1,26,20,8,18,19,12,2,14,22,4,11,27,6,9,16]
846 [4,4,4,4,4,4,4,4,4,4,4,4,4,4,4,4,4,2,4,4,4,4,4,4,4,4,4,4,4,4,4,4,4,4,4,3,4,4,4,4,4,1,4,4,4,4,4,4]
847 [12,13,5,1,3,15,18,16,10,2,4,11,17,8,6,14,19,9,7]
848 [12,8,10,19,16,9,6,19,13,2,5,4,1,15,19,19,3,17,7,14,11,18]
849 [7,4,8,2,6,5,3,1]
850 [26,25,10,13,32,29,20,16,5,27,14,24,18,4,9,23,2,33,11,21,31,22,17,15,19,6,8,7,34,3,1,12,34,28,30]
851 [9,18,14,8,12,4,16,11,3,15,5,1,6,13,10,7,17,2]
852 [1,7,4,3,6,13,9,5,2,12,11,8,10,14]
853 [84,31,20,26,45,1,81,13,76,65,17,41,15,18,8,78,10,30,1,7,58,60,28,49,12,1,40,84,36,74,84,68,16,25,56,23,37,22,83,77,54,84,79,19,71,84,48,82,84,59,57,21,33,1,72,46,61,62,9,70,43,64,6,27,24,42,50,35,29,75,14,80,53,38,84,67,47,32,52,34,63,11,51,1,69,84,44,39,73,66,55]
854 [17,16,6,22,29,26,14,19,8,12,13,34,25,7,10,24,9,31,27,23,11,4,2,30,3,33,28,20,18,5,15,32,21,1]
855 [7,1,3,6,5,2,4]
856 [5,9,8,10,3,1,6,4,2,7]
857 [1,19,24,10,11,25,5,9,8,18,15,12,23,6,22,4,21,2,7,16,17,13,14,20,3]
858 [3,6,9,7,11,8,1,10,4,5,2]
859 [22,60,52,13,46,30,41,69,63,44,55,40,67,38,18,69,33,32,42,26,68,43,48,36,53,64,35,31,20,16,17,12,7,15,37,5,56,47,3,14,25,39,4,10,11,54,28,6,9,8,59,27,23,66,49,69,19,24,51,50,21,62,29,61,34,65,2,57,58,1,69,45,69]
860 [2,5,3,6,7,1,4]
861 [1,2]
862 [5,26,23,8,33,28,7,6,1,14,16,25,9,21,27,24,4,19,10,15,3,22,30,29,18,2,11,31,12,13,17,20,32]
863 [38,32,24,31,30,50,53,49,52,28,43,51,6,5,3,40,55,12,41,14,13,54,44,23,4,46,33,47,11,21,29,10,17,18,2,15,7,39,22,26,9,35,45,42,34,1,20,25,48,8,19,36,27,37,16]
864 [11,28,12,7,14,35,43,22,21,29,3,24,32,8,33,2,13,38,46,30,4,17,37,18,26,42,16,40,6,39,34,45,15,10,19,41,25,44,36,23,1,5,31,20,27,9]
865 [6,23,23,7,4,9,20,14,15,11,18,12,23,5,13,16,8,1,23,22,10,21,19,3,2,23,17]
866 [1,3,2,6,5,4]
867 [29,69,67,1,8,25,30,39,24,77,60,59,66,17,4,81,12,32,44,42,27,33,21,71,35,10,36,18,34,28,49,26,5,76,52,64,38,16,43,23,47,2,46,31,70,48,80,37,40,51,41,75,13,45,62,3,22,82,53,20,63,6,56,68,14,50,65,79,19,9,72,55,74,7,57,78,61,11,15,58,54,73]
868 [3,1,4,2]
869 [4,9,8,12,11,12,5,1,10,6,1,7,1]
870 [1,15,31,1,17,13,18,22,11,1,35,8,25,36,33,9,19,29,20,24,7,12,30,16,32,21,27,14,1,28,23,1,1,34,10,26]
871 [1,4,2,6,3,7,5]
872 [5,7,2,4,6,1,3]
873 [107,110,121,99,1,54,50,82,65,1,68,1,1,74,87,43,125,103,86,122,78,93,64,1,108,1,123,69,32,42,112,101,109,24,88,57,1,115,80,39,1,1,127,94,1,24,52,98,66,1,72,71,34,1,49,36,59,83,120,1,1,92,81,46,44,37,131,106,91,97,1,28,1,111,1,56,105,119,51,1,128,47,58,79,84,126,1,129,24,96,48,118,55,116,1,1,75,70,33,130,31,53,40,41,30,100,89,124,114,90,63,61,27,35,113,77,102,76,95,1,45,62,60,73,1,104,38,85,29,117,67]
874 [40,4,28,19,41,69,32,8,35,72,45,60,53,48,65,25,55,16,37,30,66,67,42,62,46,7,71,63,47,15,26,22,13,57,1,56,29,54,36,14,51,20,31,5,12,50,3,11,24,49,68,17,64,34,61,6,21,10,43,58,59,44,27,2,33,52,38,39,70,18,9,23]
875 [9,14,17,3,25,4,6,10,13,2,24,18,15,7,8,16,11,12,23,22,1,20,19,5,21]
876 [5,7,1,4,6,3,2]
877 [2,6,1,5,4,3]
878 [12,81,56,89,49,33,75,18,5,38,43,103,20,6,3,97,62,53,11,54,21,123,61,71,93,48,78,63,4,101,85,57,52,98,42,117,31,113,69,32,116,105,107,10,104,79,118,100,74,99,25,8,55,19,7,120,108,88,86,92,114,73,80,30,67,46,45,17,28,77,84,72,64,91,16,83,76,119,27,39,70,51,66,59,36,40,24,41,112,1,110,90,87,122,82,13,121,58,22,94,26,44,47,96,9,23,124,68,106,2,34,14,37,95,50,109,115,102,65,111,35,60,29,15]
879 [3,4,7,2,5,1,6]
880 [15,24,1,6,20,4,8,28,23,13,16,7,3,10,11,19,30,17,12,18,5,29,22,1,21,27,25,9,14,26]
881 [31,18,33,23,67,24,12,20,15,38,62,41,47,6,37,57,43,68,25,49,59,9,53,29,51,5,2,19,40,30,3,55,22,35,39,58,48,1,60,65,32,16,14,34,64,26,45,8,56,44,42,21,36,54,27,7,66,10,63,50,11,4,17,52,28,61,13,46]
882 [22,6,15,20,11,16,10,12,17,1,2,8,5,21,4,18,19,13,7,14,3,9]
883 [25,3,21,25,25,25,25,25,25,25,15,11,25,13,25,25,7,25,25,25,25,6,25,25,25,25,4,22,25,12,25,5,25,25,25,25,25,25,16,19,25,25,25,25,20,25,18,25,25,10,17,25,25,8,25,25,9,25,25,25,25,25,25,23,2,24,25,25,14,1,25,25]
884 [2,1]
885 [1,4,4,4,4,2,4,4,4,4,3]
886 [17,33,14,57,46,54,24,60,21,28,36,9,12,32,41,61,59,3,27,62,64,15,48,5,42,7,58,43,39,47,18,4,34,13,2,63,22,37,11,8,25,65,45,30,51,38,29,26,6,10,31,55,49,19,40,35,16,56,52,50,53,1,44,23,20]
887 [12,8,1,12,4,7,12,12,10,12,5,9,12,11,1,1,6,12]
888 [17,48,7,45,75,5,74,55,4,21,34,10,69,60,20,61,93,58,77,101,66,50,76,1,54,81,70,73,2,24,39,12,102,82,91,16,80,68,52,100,36,9,15,3,32,97,30,33,51,67,41,84,57,19,86,83,22,62,53,26,49,78,28,92,27,38,31,85,56,14,65,6,96,25,42,64,89,90,95,43,79,71,46,35,11,18,37,94,88,59,23,63,98,40,13,29,99,72,47,87,44,8]
889 [13,18,16,6,8,3,17,11,10,12,19,9,15,14,7,1,5,4,2,20]
890 [1,47,31,68,35,30,64,101,51,60,59,108,78,63,32,1,76,52,40,108,16,58,43,17,100,12,38,1,18,94,24,96,89,29,8,70,55,19,54,67,45,79,27,87,81,20,42,86,10,39,26,22,53,102,33,108,107,106,37,95,36,14,97,56,84,15,1,71,69,23,105,46,75,49,44,65,1,73,98,92,1,21,57,77,104,103,61,83,72,82,88,48,80,62,91,41,93,74,1,28,9,99,25,50,11,13,34,66,85,90]
891 [117,19,116,83,142,46,87,26,25,82,89,139,91,133,11,33,110,73,58,130,28,90,14,69,138,93,54,135,126,101,22,5,113,42,95,61,57,52,64,16,144,7,108,59,51,124,96,48,43,23,94,24,44,145,76,72,56,140,136,129,121,102,2,50,128,98,88,77,107,30,53,134,99,49,74,141,39,97,146,32,65,106,85,143,132,123,114,45,31,29,15,47,4,80,78,92,62,27,109,66,60,75,105,40,41,118,104,120,63,36,9,1,68,112,38,55,35,111,100,6,37,127,131,21,70,3,115,18,34,84,67,10,147,13,12,103,86,79,17,119,137,8,81,125,122,71,20]
892 [1,4,2,5,3]
893 [1,8,5,20,23,22,14,6,10,7,17,19,13,12,3,9,4,2,16,18,11,15,21]
894 [1,22,1,27,28,21,1,28,17,28,28,20,1,28,28,23,1,28,1,18,14,28,24,28,14,1,19,1,28,28,16,1,1,1,26,25,1,13]
895 [3,2,1,8,10,5,7,9,6,4]
896 [103,57,62,6,7,35,8,23,24,92,66,87,86,71,106,89,34,77,93,10,5,40,29,45,54,74,84,51,15,30,67,104,21,101,72,25,32,79,4,58,31,1,78,44,73,59,50,12,52,14,95,22,69,17,63,56,47,37,85,97,81,80,48,36,64,70,38,16,33,96,98,88,105,49,99,102,68,28,26,60,39,53,90,27,18,2,11,107,61,83,75,13,100,19,41,55,43,3,65,46,108,20,9,82,91,42,94,76]
897 [1,1,1,27,1,1,1,1,1,1,1,31,31,1,1,1,1,1,30,28,1,1,1,1,31,1,1,28,1,31,1,1,1,31,31,1]
898 [1,4,2,3]
899 [43,38,39,19,18,24,35,9,1,26,16,30,34,21,50,8,22,37,17,31,13,40,33,46,49,7,11,10,47,41,25,12,27,51,45,4,48,5,36,2,42,20,32,44,29,3,15,6,23,28,14]
